Charged hadron v2
pt v2 sta. sys. 

0-5%
0.275 0.0169095 0.000105079 0.000945182
0.425 0.0247032 0.000118887 0.00108805
0.575 0.0318375 0.000139387 0.00143536
0.725 0.0384434 0.000165869 0.00181818
0.9 0.0454559 0.000178204 0.00192456
1.1 0.053467 0.00022945 0.00249468
1.3 0.0605558 0.000295667 0.00258362
1.525 0.0680582 0.000351706 0.00296783
1.775 0.0743311 0.000483759 0.0034501
2.05 0.0794363 0.000625258 0.0038414
2.4 0.0861396 0.000829244 0.00442437
2.8 0.0849415 0.00133193 0.00351337
3.25 0.0827234 0.0019505 0.00369166
3.85 0.0731997 0.0028148 0.00334688
4.6 0.0599718 0.00442771 0.00454987
