charged hadron v2/(e2*Npart^{1/3})
pt v2/(e2*Npart^{1/3}) sta. sys. 

0-10%
Cu+Cu
0.3487 0.0272268 0.00106791 0.00382058
0.4482 0.0368355 0.00114803 0.00516891
0.5926 0.0506943 0.000947447 0.00711363
0.7919 0.0690476 0.00119176 0.00968905
1.032 0.0808584 0.00130572 0.0113464
1.368 0.102277 0.0017135 0.0143519
1.768 0.118344 0.00280092 0.0166065
2.323 0.130552 0.0037602 0.0183196
3.348 0.147297 0.0114831 0.0206693
Au+Au
0.3504 0.0248835 0.000374866 0.00094307
0.4491 0.0310871 0.00038484 0.00140863
0.5938 0.0408102 0.00030626 0.00181454
0.7924 0.0511518 0.000378617 0.00224827
1.033 0.0646246 0.000411611 0.00277755
1.368 0.0811755 0.000532123 0.00345598
1.768 0.100624 0.000859284 0.00415872
2.318 0.112551 0.00116329 0.00481101
3.341 0.127476 0.00372092 0.00568023
4.41452 0.115945 0.00627978 0.0104013
Cu+Au
0.275 0.0230365 7.43465e-05 0.00223847
0.425 0.0344838 8.36959e-05 0.00320705
0.575 0.0445931 9.79988e-05 0.00414288
0.725 0.0540571 0.000116569 0.00511535
0.9 0.0639734 0.000125199 0.00591071
1.1 0.0746708 0.000161162 0.00690337
1.3 0.0850077 0.000207637 0.00779215
1.525 0.0954337 0.000246919 0.00882049
1.775 0.104374 0.000339439 0.00976369
2.05 0.112451 0.000438382 0.010315
2.4 0.119894 0.000580632 0.0110663
2.8 0.118999 0.000931014 0.010801
3.25 0.117651 0.00136211 0.0108494
3.85 0.101835 0.00196616 0.00928195
4.6 0.0850252 0.00309932 0.00771724
10-20%
Cu+Cu
0.3487 0.0253844 0.0010995 0.00315477
0.4482 0.0358558 0.00117957 0.00445615
0.5926 0.0450027 0.000972776 0.00559292
0.7919 0.0602985 0.00122597 0.00749388
1.032 0.0758817 0.00134518 0.00943055
1.368 0.0941989 0.00176773 0.011707
1.768 0.109243 0.00288152 0.0135766
2.323 0.123235 0.00383517 0.0153156
3.348 0.132636 0.0114206 0.016484
Au+Au
0.3504 0.0239792 0.00030169 0.000873803
0.4491 0.0311702 0.000306015 0.00125365
0.5938 0.0409135 0.000241775 0.00163917
0.7924 0.0529246 0.000297489 0.00205793
1.033 0.0658296 0.00032214 0.00256045
1.368 0.0818297 0.000415151 0.00317705
1.768 0.100485 0.00066676 0.00383228
2.318 0.114687 0.000891183 0.0044567
3.341 0.121878 0.00279222 0.00504144
4.41685 0.101273 0.00432035 0.00625758
Cu+Au
0.275 0.0229967 7.46281e-05 0.00158298
0.425 0.034863 8.19332e-05 0.00218629
0.575 0.0453686 9.5408e-05 0.00282449
0.725 0.0552554 0.000113326 0.00346904
0.9 0.0655447 0.000121623 0.00396316
1.1 0.0763045 0.000156532 0.00456046
1.3 0.0866742 0.000201715 0.00511597
1.525 0.0967162 0.000239696 0.00574636
1.775 0.106274 0.000328933 0.00614284
2.05 0.114517 0.000423535 0.00669518
2.4 0.120198 0.000558248 0.00706721
2.8 0.122135 0.000889282 0.00733649
3.25 0.117334 0.00129404 0.00675998
3.85 0.102328 0.00186115 0.00635736
4.6 0.0934732 0.0029504 0.00554796
20-30%
Cu+Cu
0.3487 0.0238543 0.00134663 0.00290017
0.4482 0.0330087 0.00144359 0.00401316
0.5926 0.046634 0.00119338 0.0056697
0.7919 0.0600854 0.00150838 0.0073051
1.032 0.0765076 0.00166071 0.00930169
1.368 0.0931394 0.00218861 0.0113238
1.768 0.113522 0.0035702 0.0138018
2.323 0.120223 0.00472251 0.0146166
3.348 0.122487 0.0137891 0.0148919
Au+Au
0.3504 0.0245532 0.000342258 0.000865134
0.4491 0.0324857 0.000344797 0.00125637
0.5938 0.0426271 0.00027143 0.00164708
0.7924 0.0550277 0.00033383 0.00207568
1.033 0.0683207 0.000361476 0.00257449
1.368 0.084668 0.000466223 0.00319226
1.768 0.101402 0.000747966 0.00378645
2.318 0.116949 0.000992744 0.0044298
3.341 0.121075 0.00304412 0.00493903
4.41899 0.107363 0.0045532 0.00623982
Cu+Au
0.275 0.0236253 8.39515e-05 0.00140572
0.425 0.0361971 9.08322e-05 0.00214063
0.575 0.0471118 0.0001054 0.00284143
0.725 0.0574906 0.000125149 0.00337324
0.9 0.0683632 0.000134243 0.00384421
1.1 0.0799995 0.000172762 0.0044354
1.3 0.0904645 0.000222659 0.00490252
1.525 0.100732 0.000264476 0.00533542
1.775 0.109425 0.000362332 0.00578054
2.05 0.116522 0.000464769 0.00615254
2.4 0.121916 0.000609006 0.00650187
2.8 0.121862 0.000961607 0.0062696
3.25 0.116417 0.00138464 0.00597177
3.85 0.106918 0.00197646 0.00558773
4.6 0.0909864 0.00313851 0.00469644
30-40%
Cu+Cu
0.3487 0.0250418 0.00182405 0.0033615
0.4482 0.0301169 0.00195881 0.00404276
0.5926 0.04209 0.00162333 0.00564997
0.7919 0.0574746 0.00206197 0.00771514
1.032 0.0709933 0.00228497 0.00952983
1.368 0.0868958 0.00302809 0.0116645
1.768 0.101251 0.00494201 0.0135916
2.323 0.112454 0.00650392 0.0150954
3.348 0.110695 0.0188368 0.0148591
Au+Au
0.3504 0.0254503 0.000459226 0.000825376
0.4491 0.0330235 0.000460894 0.0012061
0.5938 0.0443029 0.0003631 0.00160499
0.7924 0.0572458 0.00044761 0.00201118
1.033 0.0711221 0.000486439 0.0025011
1.368 0.0888388 0.000629655 0.00310809
1.768 0.105337 0.00101341 0.00366208
2.318 0.11797 0.00133908 0.00424434
3.341 0.12674 0.00402516 0.00485743
4.4209 0.108838 0.00580954 0.0059653
Cu+Au
0.275 0.0235048 0.000108971 0.00160828
0.425 0.0370502 0.000116821 0.00266416
0.575 0.0487666 0.000135406 0.00345143
0.725 0.0597129 0.000161005 0.00445023
0.9 0.0711819 0.000172906 0.0049029
1.1 0.0827498 0.000222816 0.0053374
1.3 0.0933689 0.000287443 0.00597889
1.525 0.103287 0.000341563 0.00635809
1.775 0.111926 0.000467376 0.00691401
2.05 0.118179 0.00059746 0.00709876
2.4 0.12149 0.000778617 0.00753059
2.8 0.121218 0.00121853 0.00740325
3.25 0.116594 0.0017284 0.00731131
3.85 0.106644 0.00244574 0.0064977
4.6 0.0897011 0.00387409 0.00589216
40-50%
Cu+Cu
0.3487 0.0229614 0.00285447 0.00388532
0.4482 0.0329027 0.00307072 0.0055675
0.5926 0.0381245 0.00255608 0.00645109
0.7919 0.0511273 0.00326815 0.00865131
1.032 0.0701473 0.00364796 0.0118697
1.368 0.0888719 0.00487247 0.0150381
1.768 0.102617 0.00796821 0.017364
2.323 0.111174 0.010493 0.0188119
3.348 0.112548 0.0300199 0.0190444
Au+Au
0.3504 0.0273058 0.00071899 0.000858381
0.4491 0.0357884 0.000721917 0.00131775
0.5938 0.0474319 0.000570504 0.00174591
0.7924 0.0614547 0.000707327 0.00218781
1.033 0.0765932 0.000774655 0.00272968
1.368 0.0933317 0.00101175 0.00337243
1.768 0.11006 0.00163593 0.00396125
2.318 0.121239 0.00215776 0.00458136
3.341 0.128755 0.00639677 0.00522008
4.42263 0.103542 0.00877443 0.00568232
Cu+Au
0.275 0.022928 0.000161284 0.00135642
0.425 0.0368947 0.000172561 0.002538
0.575 0.0490482 0.000199999 0.00326162
0.725 0.0604089 0.000238542 0.00409134
0.9 0.0717178 0.000256772 0.00462276
1.1 0.0837283 0.000331602 0.00518423
1.3 0.0945728 0.000428503 0.0057602
1.525 0.10373 0.000509534 0.00592788
1.775 0.111297 0.000697026 0.00635287
2.05 0.11531 0.000888191 0.00632812
2.4 0.118563 0.00115143 0.00696398
2.8 0.118478 0.00178645 0.00658626
3.25 0.113001 0.00249354 0.00635696
3.85 0.103246 0.00350227 0.00566124
4.6 0.0875752 0.0054945 0.00688413
50-60%
Au+Au
0.73314 0.0567839 0.000408752 0.0029931
1.23139 0.0846534 0.000532441 0.00444175
1.72124 0.104698 0.00114956 0.00548243
2.37617 0.116329 0.00202943 0.00611512
3.40503 0.121235 0.00631159 0.00613814
4.42393 0.0843772 0.0159107 0.00598688
Cu+Au
0.275 0.0212573 0.000274761 0.00174056
0.425 0.0356383 0.000294544 0.00305793
0.575 0.0475933 0.000342927 0.00405063
0.725 0.0590617 0.000411489 0.00476965
0.9 0.0700354 0.000446154 0.00557403
1.1 0.0820115 0.000580351 0.00631863
1.3 0.0914227 0.000754236 0.00664945
1.525 0.100333 0.00090037 0.00721123
1.775 0.106956 0.00123363 0.00755004
2.05 0.113967 0.00157146 0.00804205
2.4 0.114394 0.0020284 0.00815806
2.8 0.114665 0.00312961 0.00788417
3.25 0.105072 0.00434769 0.00737248
3.85 0.105744 0.00604072 0.00727259
4.6 0.0941058 0.00942578 0.0109985
