Charged hadron v3
pt v3 sta. sys. 

0-5%
0.275 0.00707363 0.000227814 0.000778941
0.425 0.0131452 0.000257743 0.000590429
0.575 0.0196935 0.000302185 0.000953254
0.725 0.0257375 0.000359619 0.00106634
0.9 0.0335514 0.000386346 0.00165285
1.1 0.0425931 0.000497442 0.00187327
1.3 0.0523256 0.000641033 0.00335172
1.525 0.061782 0.000762598 0.00352305
1.775 0.0759255 0.00104887 0.00384605
2.05 0.0815727 0.00135557 0.0050121
2.4 0.0903543 0.00179808 0.00494735
2.8 0.0938842 0.00288742 0.00387935
3.25 0.0863696 0.00422807 0.00473206
3.85 0.0910932 0.00610117 0.00375495
4.6 0.0552324 0.00960408 0.0103742
