charged hadron v2/e2
pt v2 sta. sys. 

0-10%
Cu+Cu
0.3487 0.125613 0.00106791 0.0175979
0.4482 0.169943 0.00114803 0.0238083
0.5926 0.233882 0.000947447 0.0327659
0.7919 0.318556 0.00119176 0.0446284
1.032 0.373046 0.00130572 0.0522623
1.368 0.471861 0.0017135 0.0661059
1.768 0.545987 0.00280092 0.0764906
2.323 0.60231 0.0037602 0.0843813
3.348 0.679564 0.0114831 0.0952043
Au+Au
0.3504 0.171117 0.000374866 0.00620609
0.4491 0.213779 0.00038484 0.00939702
0.5938 0.280642 0.00030626 0.0120903
0.7924 0.351758 0.000378617 0.0149688
1.033 0.444408 0.000411611 0.0184644
1.368 0.558224 0.000532123 0.022959
1.768 0.691966 0.000859284 0.027567
2.318 0.773988 0.00116329 0.0319699
3.341 0.876619 0.00372092 0.0378526
4.41452 0.797327 0.00627978 0.0709876
Cu+Au
0.275 0.129391 7.43465e-05 0.0125086
0.425 0.193688 8.36959e-05 0.0179126
0.575 0.25047 9.79988e-05 0.0231393
0.725 0.303627 0.000116569 0.0285766
0.9 0.359325 0.000125199 0.0330111
1.1 0.41941 0.000161162 0.0385554
1.3 0.47747 0.000207637 0.0435149
1.525 0.536031 0.000246919 0.0492623
1.775 0.586244 0.000339439 0.0545375
2.05 0.631614 0.000438382 0.0576042
2.4 0.673421 0.000580632 0.0618039
2.8 0.66839 0.000931014 0.0603105
3.25 0.660819 0.00136211 0.0605923
3.85 0.571986 0.00196616 0.0518312
4.6 0.477569 0.00309932 0.0430916
10-20%
Cu+Cu
0.3487 0.10638 0.0010995 0.0131911
0.4482 0.150263 0.00117957 0.0186326
0.5926 0.188595 0.000972776 0.0233858
0.7919 0.252696 0.00122597 0.0313343
1.032 0.318002 0.00134518 0.0394322
1.368 0.394765 0.00176773 0.0489508
1.768 0.457809 0.00288152 0.0567684
2.323 0.516448 0.00383517 0.0640396
3.348 0.555846 0.0114206 0.068925
Au+Au
0.3504 0.147892 0.00030169 0.00486569
0.4491 0.192242 0.000306015 0.0071212
0.5938 0.252334 0.000241775 0.00930459
0.7924 0.326412 0.000297489 0.0116165
1.033 0.406004 0.00032214 0.0144539
1.368 0.504685 0.000415151 0.0179284
1.768 0.61974 0.00066676 0.0215493
2.318 0.707335 0.000891183 0.0251539
3.341 0.75168 0.00279222 0.0287767
4.41685 0.6246 0.00432035 0.0373325
Cu+Au
0.275 0.117209 7.46281e-05 0.00799522
0.425 0.177689 8.19332e-05 0.0110216
0.575 0.231234 9.5408e-05 0.0142367
0.725 0.281625 0.000113326 0.0174887
0.9 0.334067 0.000121623 0.0199625
1.1 0.388907 0.000156532 0.0229647
1.3 0.441759 0.000201715 0.0257541
1.525 0.492941 0.000239696 0.0289322
1.775 0.541657 0.000328933 0.0309068
2.05 0.583667 0.000423535 0.0336957
2.4 0.612623 0.000558248 0.0355732
2.8 0.622495 0.000889282 0.0369482
3.25 0.598024 0.00129404 0.0340089
3.85 0.521544 0.00186115 0.0320423
4.6 0.476412 0.0029504 0.0279326
20-30%
Cu+Cu
0.3487 0.0896035 0.00134663 0.0108791
0.4482 0.12399 0.00144359 0.0150541
0.5926 0.175171 0.00119338 0.0212681
0.7919 0.225698 0.00150838 0.0274028
1.032 0.287385 0.00166071 0.0348924
1.368 0.349858 0.00218861 0.0424775
1.768 0.42642 0.0035702 0.0517731
2.323 0.451593 0.00472251 0.0548295
3.348 0.460098 0.0137891 0.0558621
Au+Au
0.3504 0.135104 0.000342258 0.00409234
0.4491 0.178752 0.000344797 0.00611876
0.5938 0.234555 0.00027143 0.00801957
0.7924 0.302789 0.00033383 0.0100371
1.033 0.375933 0.000361476 0.0124454
1.368 0.465884 0.000466223 0.0154343
1.768 0.557965 0.000747966 0.0182544
2.318 0.643507 0.000992744 0.0214468
3.341 0.666211 0.00304412 0.0243882
4.41899 0.590764 0.0045532 0.0326463
Cu+Au
0.275 0.10783 8.39515e-05 0.006299
0.425 0.16521 9.08322e-05 0.00958988
0.575 0.215027 0.0001054 0.0127387
0.725 0.262398 0.000125149 0.0151074
0.9 0.312022 0.000134243 0.0171871
1.1 0.365132 0.000172762 0.0198183
1.3 0.412896 0.000222659 0.0218833
1.525 0.459761 0.000264476 0.0237902
1.775 0.499436 0.000362332 0.0257717
2.05 0.531829 0.000464769 0.0274296
2.4 0.556446 0.000609006 0.0290007
2.8 0.5562 0.000961607 0.0279156
3.25 0.53135 0.00138464 0.0265855
3.85 0.487993 0.00197646 0.0248991
4.6 0.415279 0.00313851 0.0209145
30-40%
Cu+Cu
0.3487 0.0836698 0.00182405 0.0112226
0.4482 0.100627 0.00195881 0.013497
0.5926 0.140631 0.00162333 0.0188628
0.7919 0.192034 0.00206197 0.0257575
1.032 0.237203 0.00228497 0.031816
1.368 0.290337 0.00302809 0.0389428
1.768 0.338302 0.00494201 0.0453763
2.323 0.375733 0.00650392 0.050397
3.348 0.369853 0.0188368 0.0496082
Au+Au
0.3504 0.123476 0.000459226 0.00357153
0.4491 0.160218 0.000460894 0.00535902
0.5938 0.214942 0.0003631 0.00712018
0.7924 0.277736 0.00044761 0.00886657
1.033 0.345059 0.000486439 0.0110287
1.368 0.431014 0.000629655 0.0136903
1.768 0.511056 0.00101341 0.0161086
2.318 0.572348 0.00133908 0.0188033
3.341 0.614896 0.00402516 0.0217726
4.4209 0.528042 0.00580954 0.027886
Cu+Au
0.275 0.0948349 0.000108971 0.00628146
0.425 0.149486 0.000116821 0.0104384
0.575 0.196759 0.000135406 0.0135098
0.725 0.240923 0.000161005 0.0174727
0.9 0.287197 0.000172906 0.0191577
1.1 0.333871 0.000222816 0.0207583
1.3 0.376715 0.000287443 0.0232403
1.525 0.416732 0.000341563 0.0246356
1.775 0.451589 0.000467376 0.0267975
2.05 0.476816 0.00059746 0.0274472
2.4 0.490174 0.000778617 0.0291956
2.8 0.489078 0.00121853 0.028666
3.25 0.47042 0.0017284 0.0283724
3.85 0.430275 0.00244574 0.0251545
4.6 0.361917 0.00387409 0.0229472
40-50%
Cu+Cu
0.3487 0.0674957 0.00285447 0.0114173
0.4482 0.0967184 0.00307072 0.0163605
0.5926 0.112068 0.00255608 0.018957
0.7919 0.15029 0.00326815 0.0254224
1.032 0.2062 0.00364796 0.0348799
1.368 0.261242 0.00487247 0.0441905
1.768 0.301647 0.00796821 0.0510252
2.323 0.3268 0.010493 0.05528
3.348 0.330839 0.0300199 0.0559632
Au+Au
0.3504 0.114845 0.00071899 0.0033042
0.4491 0.150522 0.000721917 0.00520403
0.5938 0.199493 0.000570504 0.00689461
0.7924 0.258472 0.000707327 0.00859955
1.033 0.322142 0.000774655 0.0107311
1.368 0.392543 0.00101175 0.013284
1.768 0.4629 0.00163593 0.0155947
2.318 0.509919 0.00215776 0.0181539
3.341 0.541531 0.00639677 0.020856
4.42263 0.435486 0.00877443 0.0232539
Cu+Au
0.275 0.0804874 0.000161284 0.00438783
0.425 0.129517 0.000172561 0.00839781
0.575 0.172181 0.000199999 0.0107445
0.725 0.212062 0.000238542 0.0135106
0.9 0.251761 0.000256772 0.0151619
1.1 0.293923 0.000331602 0.0168994
1.3 0.331993 0.000428503 0.0187268
1.525 0.364139 0.000509534 0.0190533
1.775 0.390703 0.000697026 0.0204147
2.05 0.404789 0.000888191 0.0201737
2.4 0.416209 0.00115143 0.0224985
2.8 0.415912 0.00178645 0.0210532
3.25 0.396683 0.00249354 0.0203695
3.85 0.362439 0.00350227 0.0180444
4.6 0.307428 0.0054945 0.0231109
50-60%
Au+Au
0.73314 0.20272 0.000408752 0.0104502
1.23139 0.302214 0.000532441 0.0155048
1.72124 0.373772 0.00114956 0.0191357
2.37617 0.415296 0.00202943 0.0213478
3.40503 0.432813 0.00631159 0.0213898
4.42393 0.301228 0.0159107 0.0211149
Cu+Au
0.275 0.063606 0.000274761 0.00479855
0.425 0.106637 0.000294544 0.00849718
0.575 0.142409 0.000342927 0.0112409
0.725 0.176724 0.000411489 0.0131166
0.9 0.20956 0.000446154 0.0152869
1.1 0.245395 0.000580351 0.017218
1.3 0.273555 0.000754236 0.0178903
1.525 0.300216 0.00090037 0.0193464
1.775 0.320033 0.00123363 0.0201646
2.05 0.341012 0.00157146 0.0214767
2.4 0.342289 0.0020284 0.0218447
2.8 0.3431 0.00312961 0.0209114
3.25 0.314397 0.00434769 0.0196599
3.85 0.316407 0.00604072 0.0192906
4.6 0.281583 0.00942578 0.0316659
