charged hadron v3/(e3*Npart^{1/3})
pt v3/(e3*Npart^{1/3}) sta. sys. 

0-10%
Au+Au
0.36215 0.00985257 0.000181292 0.000850422
0.612634 0.0219096 0.000245442 0.00114274
0.862894 0.0360978 0.000335275 0.0018926
1.11314 0.0521962 0.000452831 0.00193383
1.36295 0.0660252 0.000610288 0.00290953
1.61267 0.0803846 0.000833135 0.00368948
1.86247 0.0981327 0.00113678 0.00447251
2.19977 0.112478 0.00125492 0.00978573
2.70287 0.127831 0.0023097 0.0111214
3.34613 0.120458 0.00346769 0.0104799
Cu+Au
0.275 0.00952553 0.000173845 0.00123664
0.425 0.0184268 0.000195703 0.00106573
0.575 0.0267576 0.000229147 0.00158999
0.725 0.0352504 0.000272584 0.00186296
0.9 0.0470001 0.000292756 0.00264906
1.1 0.0586532 0.000376844 0.00349726
1.3 0.0725734 0.000485555 0.00477966
1.525 0.0856555 0.000577418 0.00563012
1.775 0.103746 0.000793827 0.00615077
2.05 0.112717 0.00102509 0.00817211
2.4 0.126328 0.001358 0.00777312
2.8 0.132842 0.00217706 0.00689507
3.25 0.122443 0.00318575 0.00636237
3.85 0.118416 0.004597 0.00636637
4.6 0.0773134 0.00725205 0.0147264
10-20%
Au+Au
0.363685 0.0105713 0.000204415 0.00116826
0.613046 0.0226816 0.000271467 0.00153472
0.862991 0.0365936 0.000368793 0.00265502
1.11335 0.0500626 0.00049599 0.0029185
1.36311 0.0650532 0.000666459 0.00440662
1.61288 0.0805211 0.000906131 0.00435937
1.86295 0.0935102 0.00122886 0.005348
2.20062 0.107334 0.0013476 0.00683857
2.70339 0.118234 0.00244827 0.00753318
3.34261 0.116665 0.00365863 0.00743322
Cu+Au
0.275 0.0104802 0.000257418 0.0023018
0.425 0.0183605 0.000282631 0.00331309
0.575 0.0262036 0.000329115 0.00351265
0.725 0.0350102 0.000390928 0.00401103
0.9 0.0460631 0.000419577 0.0059215
1.1 0.0589122 0.000540026 0.00631871
1.3 0.070687 0.000695931 0.00733232
1.525 0.0851086 0.000827026 0.0107992
1.775 0.0994577 0.00113512 0.0118257
2.05 0.107882 0.00146151 0.0117936
2.4 0.122188 0.00192663 0.0128427
2.8 0.131048 0.00306808 0.0111108
3.25 0.133244 0.00446459 0.0135971
3.85 0.10688 0.0064212 0.00868565
4.6 0.10169 0.0101931 0.0181975
