charged hadron v3/e3 
pt v3/e3 sta. sys. 

0-10%
Au+Au
0.36215 0.0677537 0.000181292 0.00580046
0.612634 0.150667 0.000245442 0.0076816
0.862894 0.248236 0.000335275 0.0127253
1.11314 0.35894 0.000452831 0.0126989
1.36295 0.454039 0.000610288 0.0193747
1.61267 0.552785 0.000833135 0.0246322
1.86247 0.674834 0.00113678 0.0298471
2.19977 0.773484 0.00125492 0.066754
2.70287 0.87906 0.0023097 0.0758656
3.34613 0.828363 0.00346769 0.0714896
Cu+Au
0.275 0.0535028 0.000173845 0.00692605
0.425 0.103499 0.000195703 0.00589903
0.575 0.150292 0.000229147 0.00880783
0.725 0.197994 0.000272584 0.0102816
0.9 0.263989 0.000292756 0.0146516
1.1 0.329442 0.000376844 0.0193751
1.3 0.407629 0.000485555 0.0265462
1.525 0.481108 0.000577418 0.0312682
1.775 0.582722 0.000793827 0.0340702
2.05 0.633108 0.00102509 0.0454779
2.4 0.709555 0.001358 0.0431002
2.8 0.746147 0.00217706 0.0380285
3.25 0.687735 0.00318575 0.0350919
3.85 0.665117 0.004597 0.0351568
4.6 0.434253 0.00725205 0.0826053
10-20%
Au+Au
0.363685 0.0651984 0.000204415 0.00713246
0.613046 0.139889 0.000271467 0.0092082
0.862991 0.225691 0.000368793 0.0159885
1.11335 0.308761 0.00049599 0.0173377
1.36311 0.401216 0.000666459 0.026441
1.61288 0.496614 0.000906131 0.0257361
1.86295 0.576725 0.00122886 0.0317221
2.20062 0.661984 0.0013476 0.0408819
2.70339 0.729208 0.00244827 0.0450344
3.34261 0.71953 0.00365863 0.0444369
Cu+Au
0.275 0.0534153 0.000257418 0.0117214
0.425 0.0935795 0.000282631 0.016864
0.575 0.133554 0.000329115 0.0178607
0.725 0.178439 0.000390928 0.0203769
0.9 0.234773 0.000419577 0.0301026
1.1 0.300263 0.000540026 0.0320856
1.3 0.360276 0.000695931 0.0372229
1.525 0.43378 0.000827026 0.0548954
1.775 0.506914 0.00113512 0.0600909
2.05 0.549852 0.00146151 0.0598949
2.4 0.622764 0.00192663 0.0652033
2.8 0.667925 0.00306808 0.0562928
3.25 0.679118 0.00446459 0.0690172
3.85 0.544742 0.0064212 0.0439823
4.6 0.518293 0.0101931 0.0926249
