Event Plane resolution
centrality resolution sta. error
--------------------------------------------------------------------------------------------
SMD S Psi1 (3sub combination SMD S - BBC S - SMD N)
15 0.220528 0.000728361
25 0.239758 0.0004162
35 0.242567 0.00032681
45 0.233782 0.000298506

SMD S Psi1 (3sub combination SMD S - BBC N - SMD N)
15 0.178331 0.0010313
25 0.214967 0.000622634
35 0.220088 0.000449838
45 0.207707 0.000367238

SMD S Psi1 (3sub combination SMD S - BBC SN - SMD N)
15 0.206485 0.000594943
25 0.232102 0.000346014
35 0.234801 0.000264399
45 0.223408 0.000231636

--------------------------------------------------------------------------------------------
BBC S Psi2 
2.5 0.151138 0.000306746
7.5 0.165104 0.000296315
15  0.187429 0.000182902
25  0.191366 0.000164292
35  0.171488 0.000168981
45  0.137687 0.000196449
55  0.0997668 0.000254682

BBC N Psi2 
2.5 0.106748 0.000216653
7.5 0.111379 0.000199894
15  0.12976 0.000126725
25  0.144558 0.000124101
35  0.139539 0.000137428
45  0.118177 0.00016847
55  0.0901676 0.000229925

BBC SN Psi2 
2.5 0.182833 0.00043331
7.5 0.196426 0.000410834
15  0.223859 0.000257322
25  0.235937 0.00024084
35  0.2187 0.000256982
45  0.180543 0.00030616
55  0.134838 0.000407355

CNT Psi2 
2.5 0.226509 0.000459715
7.5 0.240891 0.000432332
15  0.264512 0.000258099
25  0.27364 0.000234916
35  0.253203 0.000249402
45  0.213481 0.000304298
55  0.16181 0.000412784

--------------------------------------------------------------------------------------------
BBC S Psi3
2.5 0.0743425 0.00066614
7.5 0.0686322 0.000713982
15  0.0579336 0.000574332
25  0.0440168 0.000749748

BBC N Psi3
2.5 0.043008 0.000385369
7.5 0.0401631 0.000417817
15  0.0346551 0.000343541
25  0.0257936 0.000439831

BBC SN Psi3 
2.5 0.0846684 0.000819595
7.5 0.078416 0.000880934
15  0.0659806 0.000699284
25  0.0499757 0.000895182

CNT Psi3
2.5 0.163578 0.00146572
7.5 0.153027 0.00159194
15  0.147364 0.00145694
25  0.131555 0.00223664
