PID v2
pt v2 sta. sys. 

0-10%
pion
0.275 0.0155363 0.000265327 0.000466089
0.425 0.0257914 0.000272448 0.000773742
0.575 0.0352465 0.000311063 0.0010574
0.725 0.0440898 0.000375436 0.00132269
0.9 0.0534797 0.000418423 0.00160439
1.1 0.0617686 0.000564782 0.00185306
1.3 0.0691422 0.000760044 0.00207427
1.525 0.0766399 0.000940559 0.0022992
1.775 0.078543 0.00133593 0.00235629
2.05 0.085546 0.00179199 0.0042773
2.4 0.0912306 0.00255116 0.00456153
2.8 0.084998 0.0046379 0.0042499
3.25 0.0864753 0.00808293 0.00432376
kaon
0.425 0.0148698 0.00175754 0.000446094
0.575 0.0228221 0.00121723 0.000684663
0.725 0.0332262 0.00115091 0.000996786
0.9 0.0412751 0.00108588 0.00123825
1.1 0.053322 0.0012883 0.00159966
1.3 0.0608096 0.00157852 0.00182429
1.525 0.0721423 0.00179612 0.00216427
1.775 0.0725366 0.00234829 0.0021761
2.05 0.0815583 0.00299086 0.00815583
2.4 0.0780448 0.00417387 0.00780448
2.8 0.0831349 0.00772605 0.00831349
proton
0.575 0.0160207 0.00148403 0.000480621
0.725 0.0208694 0.00126502 0.000626082
0.9 0.0297084 0.000998024 0.000891252
1.1 0.0410131 0.00102651 0.00123039
1.3 0.0535246 0.00118808 0.00160574
1.525 0.0667777 0.00132633 0.00200333
1.775 0.0817998 0.0017559 0.00245399
2.05 0.089113 0.00223029 0.00445565
2.4 0.108912 0.00293583 0.0054456
2.8 0.113113 0.00466279 0.00565565
3.25 0.118931 0.00688348 0.00594655
10-20%
pion
0.275 0.020414 0.000261466 0.00061242
0.425 0.034454 0.000262112 0.00103362
0.575 0.0480148 0.000298659 0.00144044
0.725 0.0602942 0.000360453 0.00180883
0.9 0.0725366 0.000401948 0.0021761
1.1 0.0840888 0.000542218 0.00252266
1.3 0.0953382 0.00072913 0.00286015
1.525 0.103518 0.000900378 0.00310554
1.775 0.110513 0.00127481 0.00331539
2.05 0.112414 0.00170815 0.0056207
2.4 0.116289 0.00244324 0.00581445
2.8 0.106057 0.00453559 0.00530285
3.25 0.10743 0.00810103 0.0053715
kaon
0.425 0.0222128 0.00171196 0.000666384
0.575 0.0347348 0.00117621 0.00104204
0.725 0.0450654 0.00111252 0.00135196
0.9 0.0611876 0.00105139 0.00183563
1.1 0.0732117 0.0012485 0.00219635
1.3 0.0822161 0.00152934 0.00246648
1.525 0.0964763 0.00173615 0.00289429
1.775 0.103763 0.00225755 0.00311289
2.05 0.1092 0.00283564 0.01092
2.4 0.107321 0.00386794 0.0107321
2.8 0.113562 0.00695773 0.0113562
proton
0.575 0.0234361 0.0014167 0.000703083
0.725 0.0334049 0.0012067 0.00100215
0.9 0.0425904 0.000956115 0.00127771
1.1 0.0601263 0.000988881 0.00180379
1.3 0.0759051 0.00115143 0.00227715
1.525 0.0939203 0.00129117 0.00281761
1.775 0.112733 0.00171388 0.00338199
2.05 0.129769 0.00217443 0.00648845
2.4 0.142941 0.00285699 0.00714705
2.8 0.161219 0.00452447 0.00806095
3.25 0.149672 0.0066054 0.0074836
20-30%
pion
0.275 0.0248483 0.000288208 0.000745449
0.425 0.0434975 0.000286793 0.00130492
0.575 0.0618868 0.000327269 0.0018566
0.725 0.077955 0.000395237 0.00233865
0.9 0.0935253 0.000440876 0.00280576
1.1 0.108863 0.000594536 0.00326589
1.3 0.12052 0.000799143 0.0036156
1.525 0.131906 0.000985024 0.00395718
1.775 0.138897 0.00139172 0.00416691
2.05 0.143552 0.00186678 0.0071776
2.4 0.144107 0.00271308 0.00720535
2.8 0.137973 0.0052164 0.00689865
3.25 0.138982 0.00968488 0.0069491
kaon
0.425 0.0289839 0.00188496 0.000869517
0.575 0.0427657 0.00129422 0.00128297
0.725 0.0610961 0.0012287 0.00183288
0.9 0.0803026 0.00116328 0.00240908
1.1 0.0950203 0.00138275 0.00285061
1.3 0.110588 0.00169518 0.00331764
1.525 0.119158 0.0019217 0.00357474
1.775 0.135186 0.00247038 0.00405558
2.05 0.134398 0.00304828 0.0134398
2.4 0.143489 0.00404516 0.0143489
2.8 0.147228 0.00699639 0.0147228
proton
0.575 0.0331094 0.00152316 0.000993282
0.725 0.0415257 0.0012982 0.00124577
0.9 0.0584621 0.00103637 0.00175386
1.1 0.0815016 0.00108307 0.00244505
1.3 0.103453 0.00127239 0.00310359
1.525 0.125163 0.00143571 0.00375489
1.775 0.14329 0.00191445 0.0042987
2.05 0.162062 0.00243138 0.0081031
2.4 0.177257 0.00319407 0.00886285
2.8 0.192685 0.00502593 0.00963425
3.25 0.179668 0.00719589 0.0089834
30-40%
pion
0.275 0.0265517 0.000370435 0.000796551
0.425 0.050578 0.000365897 0.00151734
0.575 0.0717886 0.000419221 0.00215366
0.725 0.090464 0.00050808 0.00271392
0.9 0.108912 0.000569225 0.00326736
1.1 0.126657 0.000769812 0.00379971
1.3 0.140493 0.00103534 0.00421479
1.525 0.152271 0.00127559 0.00456813
1.775 0.161116 0.00180084 0.00483348
2.05 0.169376 0.0024329 0.0084688
2.4 0.167617 0.00363597 0.00838085
2.8 0.169667 0.00749288 0.00848335
3.25 0.163755 0.014443 0.00818775
kaon
0.425 0.0328271 0.00241367 0.000984813
0.575 0.0572337 0.00166296 0.00171701
0.725 0.0720348 0.00158965 0.00216104
0.9 0.0926464 0.00151505 0.00277939
1.1 0.110402 0.00181066 0.00331206
1.3 0.127479 0.00222273 0.00382437
1.525 0.139494 0.00251238 0.00418482
1.775 0.1542 0.00317222 0.004626
2.05 0.15023 0.00380354 0.015023
2.4 0.159281 0.00488095 0.0159281
2.8 0.154777 0.00813952 0.0154777
proton
0.575 0.0416464 0.00189412 0.00124939
0.725 0.052814 0.00162717 0.00158442
0.9 0.0746663 0.00131679 0.00223999
1.1 0.100132 0.00139379 0.00300396
1.3 0.12651 0.00165525 0.0037953
1.525 0.151563 0.00188363 0.00454689
1.775 0.170005 0.00252794 0.00510015
2.05 0.190119 0.00321815 0.00950595
2.4 0.199084 0.00422333 0.0099542
2.8 0.219834 0.00655988 0.0109917
3.25 0.203372 0.00916725 0.0101686
40-50%
pion
0.275 0.0265863 0.000540817 0.000797589
0.425 0.0542389 0.000539982 0.00162717
0.575 0.0779322 0.00062407 0.00233797
0.725 0.0985019 0.000761363 0.00295506
0.9 0.11646 0.000859103 0.0034938
1.1 0.135779 0.00116789 0.00407337
1.3 0.15231 0.00157601 0.0045693
1.525 0.161346 0.00194538 0.00484038
1.775 0.169695 0.00275295 0.00509085
2.05 0.162335 0.00376894 0.00811675
2.4 0.182723 0.005906 0.00913615
2.8 0.174996 0.0132281 0.0087498
3.25 0.140424 0.0260551 0.0070212
kaon
0.425 0.0380714 0.0035604 0.00114214
0.575 0.062081 0.00247955 0.00186243
0.725 0.0818776 0.00239725 0.00245633
0.9 0.0990709 0.00230482 0.00297213
1.1 0.119656 0.00277053 0.00358968
1.3 0.137143 0.00341729 0.00411429
1.525 0.146008 0.00384062 0.00438024
1.775 0.159175 0.00469458 0.00477525
2.05 0.163238 0.00540247 0.0163238
2.4 0.161445 0.00664639 0.0161445
2.8 0.164208 0.0108257 0.0164208
proton
0.575 0.0498953 0.00269663 0.00149686
0.725 0.0636853 0.00234868 0.00191056
0.9 0.0887749 0.00193228 0.00266325
1.1 0.110829 0.00208014 0.00332487
1.3 0.14005 0.00250389 0.0042015
1.525 0.164415 0.0028813 0.00493245
1.775 0.187978 0.00390056 0.00563934
2.05 0.199372 0.00499497 0.0099686
2.4 0.21156 0.00656042 0.010578
2.8 0.220184 0.0100608 0.0110092
3.25 0.211645 0.013375 0.0105823
50-60%
pion
0.275 0.0253937 0.000918871 0.000761811
0.425 0.0539606 0.000931116 0.00161882
0.575 0.0779173 0.00109264 0.00233752
0.725 0.0985213 0.00134912 0.00295564
0.9 0.115616 0.00154399 0.00346848
1.1 0.133548 0.00212686 0.00400644
1.3 0.146156 0.00289513 0.00438468
1.525 0.161212 0.00359623 0.00483636
1.775 0.161497 0.00511379 0.00484491
2.05 0.17102 0.00719563 0.008551
2.4 0.168767 0.011958 0.00843835
2.8 0.175208 0.0285453 0.0087604
kaon
0.425 0.0536171 0.00613828 0.00160851
0.575 0.0606901 0.00434802 0.0018207
0.725 0.074778 0.00426609 0.00224334
0.9 0.102358 0.00416335 0.00307074
1.1 0.117564 0.00507224 0.00352692
1.3 0.134264 0.00630064 0.00402792
1.525 0.155639 0.00700418 0.00466917
1.775 0.145482 0.00810234 0.00436446
2.05 0.154742 0.00885981 0.0154742
2.4 0.152863 0.0105793 0.0152863
2.8 0.16416 0.0169584 0.016416
proton
0.575 0.0487855 0.00448987 0.00146357
0.725 0.0684069 0.00397524 0.00205221
0.9 0.0933056 0.00334249 0.00279917
1.1 0.109707 0.00368076 0.00329121
1.3 0.143676 0.00451101 0.00431028
1.525 0.157545 0.00527636 0.00472635
1.775 0.194895 0.00723778 0.00584685
2.05 0.208634 0.00936081 0.0104317
2.4 0.224842 0.0122764 0.0112421
2.8 0.199932 0.0182944 0.0099966
