///////////////////////////////////////
//////                            ////
/////  Meson ratios (Fig. 3, 4)  ////
////                            ////
///////////////////////////////////


Table 2.1. eta/pi0 meson ratios vs. pT and centrality in U+U at 192 GeV


pT (GeV/c)     eta / pi0  Stat. + Type A Unc.   Type B Unc.
Minimum Bias
      2.25  3.050066e-01         2.106154e-02  3.274661e-02  
      2.75  4.272680e-01         2.103877e-02  4.648504e-02  
      3.25  4.606077e-01         2.473439e-02  5.170650e-02  
      3.75  4.171061e-01         2.489836e-02  4.817398e-02  
      4.25  4.364071e-01         3.729288e-02  5.145080e-02  
      4.75  4.767570e-01         4.007869e-02  5.586759e-02  
       5.5  4.815377e-01         3.267095e-02  5.692638e-02  
       6.5  4.706126e-01         3.929545e-02  5.544026e-02  
       7.5  4.771633e-01         4.910119e-02  5.485107e-02  
       8.5  3.848024e-01         6.540979e-02  4.949192e-02  
       9.5  5.771364e-01         7.278915e-02  6.750885e-02  
        11  5.411698e-01         6.778787e-02  6.215074e-02  
        13  6.682728e-01         1.132507e-01  8.392088e-02  
 0-20%
      2.25  4.363034e-01         4.078752e-02  4.756804e-02  
      2.75  4.622810e-01         3.828940e-02  5.053045e-02  
      3.25  4.672950e-01         4.552684e-02  5.233150e-02  
      3.75  4.373677e-01         5.958642e-02  5.118251e-02  
      4.25  3.965863e-01         6.743524e-02  4.692305e-02  
      4.75  5.588026e-01         7.986260e-02  6.439895e-02  
       5.5  5.136286e-01         6.491437e-02  6.062442e-02  
       6.5  5.021083e-01         8.096194e-02  5.884385e-02  
       7.5  4.952760e-01         8.888100e-02  5.622199e-02  
       8.5  4.489078e-01         1.158525e-01  5.437314e-02  
       9.5  5.855709e-01         1.301491e-01  6.960316e-02  
        11  6.587245e-01         1.157008e-01  7.400017e-02  
        13  8.190647e-01         1.815856e-01  1.040225e-01  
20-40%
      2.25  3.779019e-01         3.143411e-02  2.371097e-02  
      2.75  4.593504e-01         3.239243e-02  3.011026e-02  
      3.25  5.327834e-01         3.498304e-02  3.730501e-02  
      3.75  4.362091e-01         3.278800e-02  3.223005e-02  
      4.25  5.269996e-01         5.044271e-02  4.144555e-02  
      4.75  4.268955e-01         5.549330e-02  3.476783e-02  
       5.5  5.043941e-01         4.386006e-02  4.146597e-02  
       6.5  5.369088e-01         5.482536e-02  4.441876e-02  
       7.5  4.780339e-01         7.254422e-02  3.995750e-02  
       8.5  4.316726e-01         8.876867e-02  3.661589e-02  
       9.5  5.522429e-01         1.091483e-01  4.817636e-02  
        11  6.294768e-01         1.241597e-01  5.455271e-02  
40-60%
      2.25  3.770164e-01         2.559516e-02  4.200188e-02  
      2.75  3.929509e-01         2.546394e-02  4.390643e-02  
      3.25  4.489263e-01         2.940879e-02  5.112069e-02  
      3.75  4.158416e-01         2.780913e-02  4.767873e-02  
      4.25  4.680170e-01         4.484506e-02  5.647091e-02  
      4.75  4.410170e-01         4.769615e-02  5.245442e-02  
       5.5  4.774815e-01         4.205707e-02  5.677598e-02  
       6.5  5.712938e-01         5.512586e-02  6.684774e-02  
       7.5  5.600756e-01         7.879026e-02  6.333142e-02  
60-80%
      2.25  3.617930e-01         2.729700e-02  4.148185e-02  
      2.75  4.103480e-01         2.797961e-02  4.676635e-02  
      3.25  4.270385e-01         3.124343e-02  4.980967e-02  
      3.75  3.785626e-01         3.212111e-02  4.547648e-02  
      4.25  4.067678e-01         5.096283e-02  4.910389e-02  
      4.75  5.226420e-01         6.369112e-02  6.095224e-02  
       5.5  5.005758e-01         5.808587e-02  6.123378e-02  
       6.5  5.805318e-01         9.306247e-02  6.921177e-02


Table 2.2. Ks/pi0 meson ratios vs. pT and centrality in U+U at 192 GeV


pT (GeV/c)      Ks / pi0  Stat. + Type A Unc.   Type B Unc.
Minimum Bias
       6.5  6.279056e-01         1.801662e-01  1.286613e-01  
       7.5  5.284762e-01         1.335302e-01  1.080251e-01  
       8.5  3.904683e-01         1.253966e-01  7.976846e-02  
       9.5  5.665189e-01         1.879340e-01  1.157877e-01  
        11  5.583221e-01         1.461675e-01  1.138912e-01  
 0-20%
       6.5  6.185102e-01         4.068651e-01  1.430390e-01  
       7.5  7.391198e-01         3.993225e-01  1.706306e-01  
       8.5  8.160091e-01         4.635834e-01  1.884224e-01  
       9.5  5.311791e-01         3.715542e-01  1.227032e-01  
        11  4.581322e-01         2.471285e-01  1.056370e-01  
20-40%
       6.5  7.088454e-01         2.445477e-01  1.542283e-01  
       7.5  5.546263e-01         2.265231e-01  1.204142e-01  
       8.5  5.092532e-01         1.685088e-01  1.104766e-01  
       9.5  6.518248e-01         2.675352e-01  1.415790e-01  
40-80%
       6.5  5.030033e-01         1.750557e-01  1.146546e-01  
       7.5  7.400591e-01         2.009752e-01  1.547926e-01  
       8.5  3.512241e-01         2.441354e-01  7.048251e-02  
       9.5  5.547276e-01         2.213162e-01  1.108787e-01