////////////////////////////////////
//////                         ////
/////  Meson RAA (Fig. 5, 6)  ////
////                         ////
////////////////////////////////


Table 3.1.1. pi0 meson RAA (Glauber 1) vs. pT and centrality in U+U at 192 GeV


pT (GeV/c)           RAA  Stat. + Type A Unc.    Type B Unc.    Type C Unc.
Minimum Bias
      1.25  3.621081e-01         4.670473e-03   3.856673e-02   7.927648e-02  
      1.75  3.719373e-01         3.377025e-03   3.552047e-02   8.142839e-02  
      2.25  3.542480e-01         2.837832e-03   3.451260e-02   7.755566e-02  
      2.75  3.340378e-01         2.674922e-03   3.391860e-02   7.313103e-02  
      3.25  2.993440e-01         2.656941e-03   3.160679e-02   6.553551e-02  
      3.75  2.698344e-01         2.937584e-03   2.955397e-02   5.907496e-02  
      4.25  2.623709e-01         2.127340e-03   3.068967e-02   5.744097e-02  
      4.75  2.492101e-01         2.295023e-03   2.976203e-02   5.455967e-02  
      5.25  2.461809e-01         2.614582e-03   2.983312e-02   5.389649e-02  
      5.75  2.380755e-01         3.048487e-03   2.904564e-02   5.212197e-02  
      6.25  2.489835e-01         3.785466e-03   3.051630e-02   5.451006e-02  
      6.75  2.465924e-01         4.676114e-03   3.036537e-02   5.398658e-02  
      7.25  2.486193e-01         5.582843e-03   3.079272e-02   5.443033e-02  
      7.75  2.456792e-01         6.651737e-03   3.052080e-02   5.378665e-02  
      8.25  2.564758e-01         8.438647e-03   3.204745e-02   5.615035e-02  
      8.75  2.330719e-01         9.445780e-03   2.945908e-02   5.102653e-02  
      9.25  2.624749e-01         1.201041e-02   3.328871e-02   5.746374e-02  
      9.75  2.945473e-01         1.606730e-02   3.783275e-02   6.448536e-02  
        11  2.660971e-01         1.025734e-02   3.504583e-02   5.825675e-02  
        13  2.705408e-01         1.867307e-02   3.915859e-02   5.922961e-02  
        15  3.490542e-01         4.309924e-02   5.563836e-02   7.641858e-02  
        17  4.212880e-01         8.566564e-02   8.056332e-02   9.223276e-02  
 0-20%
      1.25  3.350818e-01         6.806100e-03   3.613788e-02   5.081657e-02  
      1.75  3.393188e-01         4.808439e-03   3.269648e-02   5.145913e-02  
      2.25  3.212623e-01         4.035092e-03   3.146267e-02   4.872079e-02  
      2.75  2.953169e-01         3.598113e-03   3.001376e-02   4.478606e-02  
      3.25  2.529607e-01         3.215815e-03   2.664254e-02   3.836256e-02  
      3.75  2.153527e-01         3.092683e-03   2.346797e-02   3.265915e-02  
      4.25  2.088908e-01         2.752338e-03   2.427359e-02   3.167917e-02  
      4.75  1.904192e-01         2.800802e-03   2.261672e-02   2.887788e-02  
      5.25  1.894849e-01         3.134835e-03   2.283002e-02   2.873619e-02  
      5.75  1.823194e-01         3.540742e-03   2.212272e-02   2.764951e-02  
      6.25  1.899052e-01         4.271956e-03   2.315627e-02   2.879993e-02  
      6.75  1.914197e-01         5.160616e-03   2.346002e-02   2.902961e-02  
      7.25  1.918486e-01         6.015442e-03   2.365346e-02   2.909465e-02  
      7.75  1.890112e-01         6.942711e-03   2.338479e-02   2.866435e-02  
      8.25  2.084147e-01         8.813038e-03   2.596863e-02   3.160697e-02  
      8.75  1.730258e-01         9.371676e-03   2.185347e-02   2.624010e-02  
      9.25  2.047490e-01         1.200108e-02   2.591922e-02   3.105105e-02  
      9.75  2.412177e-01         1.616081e-02   3.089722e-02   3.658169e-02  
        11  2.127755e-01         9.999969e-03   2.800022e-02   3.226831e-02  
        13  2.219309e-01         1.830450e-02   3.221011e-02   3.365676e-02  
        15  2.796578e-01         4.185394e-02   4.514882e-02   4.241129e-02  
20-40%
      1.25  4.203750e-01         7.487911e-03   4.432515e-02   6.208262e-02  
      1.75  4.401551e-01         5.669860e-03   4.182937e-02   6.500383e-02  
      2.25  4.185481e-01         4.749034e-03   4.098227e-02   6.181282e-02  
      2.75  4.043503e-01         4.604211e-03   4.138619e-02   5.971603e-02  
      3.25  3.760238e-01         4.591850e-03   4.011514e-02   5.553266e-02  
      3.75  3.542648e-01         4.991875e-03   3.928002e-02   5.231921e-02  
      4.25  3.452173e-01         4.419818e-03   4.092035e-02   5.098304e-02  
      4.75  3.353871e-01         5.007025e-03   4.064264e-02   4.953128e-02  
      5.25  3.296977e-01         5.661726e-03   4.060590e-02   4.869105e-02  
      5.75  3.162713e-01         6.476441e-03   3.917062e-02   4.670818e-02  
      6.25  3.374291e-01         7.937627e-03   4.196024e-02   4.983285e-02  
      6.75  3.209765e-01         9.397697e-03   4.010857e-02   4.740306e-02  
      7.25  3.260148e-01         1.076666e-02   4.101349e-02   4.814714e-02  
      7.75  3.180871e-01         1.279075e-02   4.014178e-02   4.697635e-02  
      8.25  3.227993e-01         1.580342e-02   4.098971e-02   4.767226e-02  
      8.75  3.085109e-01         1.839629e-02   3.971888e-02   4.556210e-02  
      9.25  3.308561e-01         2.205643e-02   4.276040e-02   4.886212e-02  
      9.75  3.679439e-01         2.970854e-02   4.833531e-02   5.433939e-02  
        11  3.227647e-01         1.828562e-02   4.305822e-02   4.766715e-02  
        13  2.864442e-01         3.086514e-02   4.214796e-02   4.230320e-02  
40-60%
      1.25  4.842012e-01         8.808514e-03   5.176864e-02   8.459374e-02  
      1.75  5.041914e-01         6.829414e-03   4.848780e-02   8.808619e-02  
      2.25  5.095020e-01         5.931523e-03   5.002469e-02   8.901399e-02  
      2.75  5.068773e-01         5.723194e-03   5.174711e-02   8.855544e-02  
      3.25  4.878046e-01         5.821048e-03   5.168997e-02   8.522329e-02  
      3.75  4.777254e-01         6.553178e-03   5.242430e-02   8.346237e-02  
      4.25  4.821616e-01         6.018759e-03   5.643291e-02   8.423741e-02  
      4.75  4.796057e-01         7.083127e-03   5.723251e-02   8.379087e-02  
      5.25  4.755713e-01         8.319374e-03   5.755226e-02   8.308603e-02  
      5.75  4.660672e-01         1.030098e-02   5.675820e-02   8.142559e-02  
      6.25  4.853825e-01         1.302080e-02   5.930413e-02   8.480013e-02  
      6.75  4.847325e-01         1.648247e-02   5.952337e-02   8.468657e-02  
      7.25  4.958015e-01         2.003230e-02   6.122697e-02   8.662041e-02  
      7.75  4.752404e-01         2.453471e-02   5.888464e-02   8.302822e-02  
      8.25  4.778342e-01         2.937594e-02   5.960634e-02   8.348138e-02  
      8.75  5.115091e-01         3.658261e-02   6.449110e-02   8.936465e-02  
60-80%
      1.25  5.290859e-01         9.007049e-03   5.640093e-02   1.370756e-01  
      1.75  5.634701e-01         7.367574e-03   5.397677e-02   1.459839e-01  
      2.25  5.641988e-01         6.626283e-03   5.537806e-02   1.461727e-01  
      2.75  5.969773e-01         6.912911e-03   6.094500e-02   1.546650e-01  
      3.25  6.022797e-01         7.787161e-03   6.382566e-02   1.560387e-01  
      3.75  6.046167e-01         9.579552e-03   6.635450e-02   1.566442e-01  
      4.25  6.292914e-01         1.050814e-02   7.367398e-02   1.630369e-01  
      4.75  6.106957e-01         1.312136e-02   7.297575e-02   1.582191e-01  
      5.25  6.184867e-01         1.755904e-02   7.496801e-02   1.602376e-01  
      5.75  6.055020e-01         2.230416e-02   7.396092e-02   1.568735e-01  
      6.25  5.860929e-01         2.899825e-02   7.201494e-02   1.518450e-01  
      6.75  6.261927e-01         3.963045e-02   7.709532e-02   1.622341e-01  
      7.25  5.815969e-01         4.791861e-02   7.226962e-02   1.506802e-01  
      7.75  6.850344e-01         6.150925e-02   8.487679e-02   1.774788e-01  
      8.25  6.249393e-01         7.268897e-02   7.787674e-02   1.619093e-01  


Table 3.1.2. pi0 meson RAA (Glauber 2) vs. pT and centrality in U+U at 192 GeV


pT (GeV/c)           RAA  Stat. + Type A Unc.    Type B Unc.    Type C Unc.
Minimum Bias
      1.25  3.347577e-01         4.317707e-03   3.565374e-02   5.404323e-02  
      1.75  3.438445e-01         3.121955e-03   3.283757e-02   5.551020e-02  
      2.25  3.274912e-01         2.623487e-03   3.190582e-02   5.287012e-02  
      2.75  3.088076e-01         2.472882e-03   3.135670e-02   4.985385e-02  
      3.25  2.767342e-01         2.456259e-03   2.921950e-02   4.467592e-02  
      3.75  2.494535e-01         2.715705e-03   2.732172e-02   4.027173e-02  
      4.25  2.425537e-01         1.966660e-03   2.837164e-02   3.915783e-02  
      4.75  2.303870e-01         2.121677e-03   2.751407e-02   3.719364e-02  
      5.25  2.275866e-01         2.417100e-03   2.757979e-02   3.674154e-02  
      5.75  2.200934e-01         2.818231e-03   2.685179e-02   3.553184e-02  
      6.25  2.301775e-01         3.499545e-03   2.821137e-02   3.715982e-02  
      6.75  2.279670e-01         4.322922e-03   2.807184e-02   3.680295e-02  
      7.25  2.298409e-01         5.161165e-03   2.846692e-02   3.710548e-02  
      7.75  2.271228e-01         6.149325e-03   2.821554e-02   3.666667e-02  
      8.25  2.371039e-01         7.801267e-03   2.962687e-02   3.827801e-02  
      8.75  2.154677e-01         8.732330e-03   2.723400e-02   3.478507e-02  
      9.25  2.426499e-01         1.110325e-02   3.077438e-02   3.917336e-02  
      9.75  2.722998e-01         1.485373e-02   3.497519e-02   4.396003e-02  
        11  2.459985e-01         9.482597e-03   3.239878e-02   3.971396e-02  
        13  2.501066e-01         1.726268e-02   3.620090e-02   4.037717e-02  
        15  3.226897e-01         3.984390e-02   5.143593e-02   5.209497e-02  
        17  3.894676e-01         7.919521e-02   7.447828e-02   6.287558e-02  
 0-20%
      1.25  3.163081e-01         6.424773e-03   3.411318e-02   5.013719e-02  
      1.75  3.203078e-01         4.539035e-03   3.086460e-02   5.077117e-02  
      2.25  3.032629e-01         3.809017e-03   2.969991e-02   4.806943e-02  
      2.75  2.787711e-01         3.396520e-03   2.833217e-02   4.418730e-02  
      3.25  2.387880e-01         3.035642e-03   2.514983e-02   3.784968e-02  
      3.75  2.032871e-01         2.919408e-03   2.215312e-02   3.222252e-02  
      4.25  1.971872e-01         2.598132e-03   2.291360e-02   3.125564e-02  
      4.75  1.797505e-01         2.643880e-03   2.134956e-02   2.849179e-02  
      5.25  1.788686e-01         2.959199e-03   2.155092e-02   2.835201e-02  
      5.75  1.721045e-01         3.342365e-03   2.088324e-02   2.727985e-02  
      6.25  1.792653e-01         4.032610e-03   2.185889e-02   2.841489e-02  
      6.75  1.806950e-01         4.871482e-03   2.214562e-02   2.864150e-02  
      7.25  1.810998e-01         5.678414e-03   2.232822e-02   2.870567e-02  
      7.75  1.784214e-01         6.553730e-03   2.207460e-02   2.828112e-02  
      8.25  1.967378e-01         8.319268e-03   2.451368e-02   3.118441e-02  
      8.75  1.633316e-01         8.846607e-03   2.062907e-02   2.588928e-02  
      9.25  1.932775e-01         1.132869e-02   2.446705e-02   3.063592e-02  
      9.75  2.277030e-01         1.525536e-02   2.916614e-02   3.609262e-02  
        11  2.008543e-01         9.439699e-03   2.643145e-02   3.183690e-02  
        13  2.094967e-01         1.727896e-02   3.040546e-02   3.320679e-02  
        15  2.639894e-01         3.950898e-02   4.261926e-02   4.184429e-02  
20-40%
      1.25  3.747639e-01         6.675464e-03   3.951583e-02   6.103455e-02  
      1.75  3.923978e-01         5.054673e-03   3.729084e-02   6.390643e-02  
      2.25  3.731352e-01         4.233759e-03   3.653565e-02   6.076930e-02  
      2.75  3.604779e-01         4.104649e-03   3.689574e-02   5.870791e-02  
      3.25  3.352248e-01         4.093629e-03   3.576260e-02   5.459516e-02  
      3.75  3.158267e-01         4.450252e-03   3.501810e-02   5.143596e-02  
      4.25  3.077608e-01         3.940263e-03   3.648044e-02   5.012233e-02  
      4.75  2.989973e-01         4.463757e-03   3.623287e-02   4.869510e-02  
      5.25  2.939251e-01         5.047423e-03   3.620011e-02   4.786903e-02  
      5.75  2.819556e-01         5.773740e-03   3.492057e-02   4.591966e-02  
      6.25  3.008176e-01         7.076385e-03   3.740751e-02   4.899155e-02  
      6.75  2.861502e-01         8.378036e-03   3.575674e-02   4.660280e-02  
      7.25  2.906418e-01         9.598463e-03   3.656348e-02   4.733431e-02  
      7.75  2.835743e-01         1.140294e-02   3.578635e-02   4.618329e-02  
      8.25  2.877752e-01         1.408873e-02   3.654227e-02   4.686745e-02  
      8.75  2.750371e-01         1.640026e-02   3.540933e-02   4.479291e-02  
      9.25  2.949578e-01         1.966329e-02   3.812085e-02   4.803722e-02  
      9.75  3.280215e-01         2.648513e-02   4.309087e-02   5.342202e-02  
        11  2.877444e-01         1.630161e-02   3.838636e-02   4.686244e-02  
        13  2.553647e-01         2.751624e-02   3.757486e-02   4.158903e-02  
40-60%
      1.25  4.216878e-01         7.671281e-03   4.508498e-02   7.284717e-02  
      1.75  4.390971e-01         5.947694e-03   4.222772e-02   7.585465e-02  
      2.25  4.437222e-01         5.165727e-03   4.356620e-02   7.665364e-02  
      2.75  4.414363e-01         4.984295e-03   4.506624e-02   7.625875e-02  
      3.25  4.248260e-01         5.069515e-03   4.501648e-02   7.338930e-02  
      3.75  4.160481e-01         5.707122e-03   4.565600e-02   7.187290e-02  
      4.25  4.199116e-01         5.241700e-03   4.914708e-02   7.254033e-02  
      4.75  4.176856e-01         6.168651e-03   4.984344e-02   7.215578e-02  
      5.25  4.141721e-01         7.245291e-03   5.012192e-02   7.154882e-02  
      5.75  4.058950e-01         8.971061e-03   4.943036e-02   7.011894e-02  
      6.25  4.227166e-01         1.133974e-02   5.164760e-02   7.302490e-02  
      6.75  4.221506e-01         1.435448e-02   5.183855e-02   7.292712e-02  
      7.25  4.317905e-01         1.744600e-02   5.332220e-02   7.459243e-02  
      7.75  4.138839e-01         2.136713e-02   5.128226e-02   7.149904e-02  
      8.25  4.161429e-01         2.558332e-02   5.191080e-02   7.188928e-02  
      8.75  4.454701e-01         3.185956e-02   5.616490e-02   7.695560e-02  
60-80%
      1.25  4.615430e-01         7.857214e-03   4.920081e-02   1.144550e-01  
      1.75  4.915378e-01         6.427032e-03   4.708612e-02   1.218932e-01  
      2.25  4.921735e-01         5.780375e-03   4.830852e-02   1.220508e-01  
      2.75  5.207674e-01         6.030411e-03   5.316478e-02   1.291416e-01  
      3.25  5.253929e-01         6.793055e-03   5.567770e-02   1.302887e-01  
      3.75  5.274316e-01         8.356631e-03   5.788371e-02   1.307942e-01  
      4.25  5.489564e-01         9.166676e-03   6.426879e-02   1.361320e-01  
      4.75  5.327345e-01         1.144629e-02   6.365970e-02   1.321093e-01  
      5.25  5.395310e-01         1.531745e-02   6.539763e-02   1.337947e-01  
      5.75  5.282039e-01         1.945682e-02   6.451911e-02   1.309857e-01  
      6.25  5.112725e-01         2.529634e-02   6.282154e-02   1.267870e-01  
      6.75  5.462532e-01         3.457124e-02   6.725336e-02   1.354617e-01  
      7.25  5.073505e-01         4.180134e-02   6.304371e-02   1.258145e-01  
      7.75  5.975832e-01         5.365701e-02   7.404146e-02   1.481907e-01  
      8.25  5.451599e-01         6.340952e-02   6.793503e-02   1.351905e-01  


Table 3.2.1. eta meson RAA (Glauber 1) vs. pT and centrality in U+U at 192 GeV


pT (GeV/c)           RAA  Stat. + Type A Unc.    Type B Unc.    Type C Unc.
Minimum Bias
      2.25  3.191716e-01         2.817688e-02   7.960755e-02   6.987637e-02  
      2.75  3.353221e-01         2.455085e-02   6.358030e-02   7.341221e-02  
      3.25  3.128989e-01         1.670489e-02   4.522310e-02   6.850309e-02  
      3.75  2.550411e-01         1.517972e-02   3.719625e-02   5.583625e-02  
      4.25  2.510986e-01         2.145045e-02   3.708985e-02   5.497312e-02  
      4.75  2.491102e-01         2.097453e-02   3.641043e-02   5.453780e-02  
       5.5  2.492689e-01         1.691803e-02   3.398356e-02   5.457254e-02  
       6.5  2.369420e-01         1.985301e-02   3.222644e-02   5.187381e-02  
       7.5  2.477030e-01         2.571573e-02   3.309984e-02   5.422972e-02  
       8.5  1.970422e-01         3.371282e-02   2.859610e-02   4.313853e-02  
       9.5  3.375358e-01         4.404995e-02   4.533481e-02   7.389685e-02  
        11  2.864785e-01         3.699454e-02   3.779423e-02   6.271886e-02  
        13  4.366515e-01         7.947381e-02   5.955912e-02   9.559630e-02  
 0-20%
      2.25  4.141527e-01         4.474198e-02   1.035133e-01   6.280801e-02  
      2.75  3.208237e-01         3.161692e-02   6.090980e-02   4.865427e-02  
      3.25  2.683187e-01         2.598074e-02   3.877557e-02   4.069167e-02  
      3.75  2.134857e-01         2.899987e-02   3.148202e-02   3.237601e-02  
      4.25  1.817188e-01         3.083909e-02   2.701261e-02   2.755843e-02  
      4.75  2.231530e-01         3.180704e-02   3.239040e-02   3.384210e-02  
       5.5  2.043464e-01         2.575184e-02   2.795073e-02   3.099000e-02  
       6.5  1.941100e-01         3.123036e-02   2.640507e-02   2.943760e-02  
       7.5  1.982174e-01         3.552336e-02   2.634304e-02   3.006051e-02  
       8.5  1.806949e-01         4.658786e-02   2.507690e-02   2.740315e-02  
       9.5  2.728407e-01         6.089180e-02   3.716684e-02   4.137745e-02  
        11  2.789003e-01         4.919509e-02   3.621800e-02   4.229641e-02  
        13  4.391265e-01         9.967201e-02   6.029015e-02   6.659540e-02  
20-40%
      2.25  4.670012e-01         4.641848e-02   1.169314e-01   6.896856e-02  
      2.75  4.361693e-01         3.862792e-02   8.334217e-02   6.441519e-02  
      3.25  4.544164e-01         2.947620e-02   6.618013e-02   6.710999e-02  
      3.75  3.500058e-01         2.607267e-02   5.114569e-02   5.169022e-02  
      4.25  3.987713e-01         3.795408e-02   5.866088e-02   5.889210e-02  
      4.75  3.000424e-01         3.886949e-02   4.533567e-02   4.431143e-02  
       5.5  3.485520e-01         3.009129e-02   4.777112e-02   5.147552e-02  
       6.5  3.608884e-01         3.656733e-02   4.813062e-02   5.329741e-02  
       7.5  3.236744e-01         4.892284e-02   4.468059e-02   4.780150e-02  
       8.5  2.835353e-01         5.800368e-02   3.902121e-02   4.187360e-02  
       9.5  4.053724e-01         7.974446e-02   5.546241e-02   5.986698e-02  
        11  4.039912e-01         7.892473e-02   5.571223e-02   5.966300e-02  
40-60%
      2.25  5.675063e-01         4.935291e-02   1.423818e-01   9.914780e-02  
      2.75  4.680205e-01         3.935786e-02   8.940081e-02   8.176685e-02  
      3.25  4.970267e-01         3.218963e-02   7.232426e-02   8.683446e-02  
      3.75  4.502238e-01         2.980242e-02   6.529160e-02   7.865762e-02  
      4.25  4.949347e-01         4.717872e-02   7.417589e-02   8.646897e-02  
      4.75  4.435316e-01         4.773994e-02   6.548724e-02   7.748844e-02  
       5.5  4.797064e-01         4.189892e-02   6.576437e-02   8.380847e-02  
       6.5  5.625078e-01         5.345817e-02   7.630808e-02   9.827452e-02  
       7.5  5.732378e-01         7.943011e-02   7.586569e-02   1.001491e-01  
60-80%
      2.25  5.946091e-01         5.528306e-02   1.500568e-01   1.540514e-01  
      2.75  5.675542e-01         4.920134e-02   1.091597e-01   1.470420e-01  
      3.25  5.755710e-01         4.162867e-02   8.500176e-02   1.491190e-01  
      3.75  5.114638e-01         4.293327e-02   7.640186e-02   1.325101e-01  
      4.25  5.535611e-01         6.887119e-02   8.297330e-02   1.434167e-01  
      4.75  6.599166e-01         7.945417e-02   9.612077e-02   1.709713e-01  
       5.5  6.446529e-01         7.345699e-02   9.015446e-02   1.670168e-01  
       6.5  6.979540e-01         1.086907e-01   9.567064e-02   1.808260e-01  


Table 3.2.2. eta meson RAA (Glauber 2) vs. pT and centrality in U+U at 192 GeV


pT (GeV/c)           RAA  Stat. + Type A Unc.    Type B Unc.    Type C Unc.
Minimum Bias
      2.25  2.934788e-01         2.590868e-02   7.319927e-02   4.737917e-02  
      2.75  3.083292e-01         2.257454e-02   5.846219e-02   4.977661e-02  
      3.25  2.877111e-01         1.536018e-02   4.158272e-02   4.644803e-02  
      3.75  2.345107e-01         1.395777e-02   3.420201e-02   3.785937e-02  
      4.25  2.308855e-01         1.972373e-02   3.410417e-02   3.727412e-02  
      4.75  2.290572e-01         1.928611e-02   3.347945e-02   3.697896e-02  
       5.5  2.292031e-01         1.555616e-02   3.124794e-02   3.700251e-02  
       6.5  2.178685e-01         1.825487e-02   2.963225e-02   3.517265e-02  
       7.5  2.277633e-01         2.364566e-02   3.043535e-02   3.677007e-02  
       8.5  1.811806e-01         3.099899e-02   2.629416e-02   2.924977e-02  
       9.5  3.103646e-01         4.050400e-02   4.168542e-02   5.010521e-02  
        11  2.634174e-01         3.401653e-02   3.475186e-02   4.252606e-02  
        13  4.015017e-01         7.307629e-02   5.476470e-02   6.481837e-02  
 0-20%
      2.25  3.873824e-01         4.184992e-02   9.682230e-02   6.140299e-02  
      2.75  3.000860e-01         2.957323e-02   5.697266e-02   4.756586e-02  
      3.25  2.509749e-01         2.430138e-02   3.626916e-02   3.978139e-02  
      3.75  1.996862e-01         2.712536e-02   2.944705e-02   3.165175e-02  
      4.25  1.699727e-01         2.884569e-02   2.526654e-02   2.694194e-02  
      4.75  2.087286e-01         2.975107e-02   3.029672e-02   3.308504e-02  
       5.5  1.911377e-01         2.408727e-02   2.614402e-02   3.029675e-02  
       6.5  1.815630e-01         2.921167e-02   2.469828e-02   2.877909e-02  
       7.5  1.854049e-01         3.322718e-02   2.464026e-02   2.938806e-02  
       8.5  1.690150e-01         4.357648e-02   2.345596e-02   2.679013e-02  
       9.5  2.552046e-01         5.695583e-02   3.476442e-02   4.045183e-02  
        11  2.608726e-01         4.601518e-02   3.387691e-02   4.135025e-02  
        13  4.107419e-01         9.322934e-02   5.639307e-02   6.510565e-02  
20-40%
      2.25  4.175664e-01         4.150482e-02   1.045535e-01   6.800542e-02  
      2.75  3.899982e-01         3.453892e-02   7.451991e-02   6.351562e-02  
      3.25  4.063137e-01         2.635598e-02   5.917457e-02   6.617279e-02  
      3.75  3.129556e-01         2.331272e-02   4.573162e-02   5.096836e-02  
      4.25  3.565590e-01         3.393641e-02   5.245128e-02   5.806967e-02  
      4.75  2.682812e-01         3.475493e-02   4.053663e-02   4.369263e-02  
       5.5  3.116557e-01         2.690595e-02   4.271426e-02   5.075666e-02  
       6.5  3.226863e-01         3.269646e-02   4.303572e-02   5.255312e-02  
       7.5  2.894116e-01         4.374407e-02   3.995090e-02   4.713396e-02  
       8.5  2.535214e-01         5.186365e-02   3.489058e-02   4.128883e-02  
       9.5  3.624614e-01         7.130305e-02   4.959139e-02   5.903094e-02  
        11  3.612264e-01         7.057008e-02   4.981476e-02   5.882981e-02  
40-60%
      2.25  4.943359e-01         4.298968e-02   1.240241e-01   8.539723e-02  
      2.75  4.076771e-01         3.428333e-02   7.787408e-02   7.042680e-02  
      3.25  4.329434e-01         2.803931e-02   6.299926e-02   7.479159e-02  
      3.75  3.921750e-01         2.595990e-02   5.687335e-02   6.774879e-02  
      4.25  4.311212e-01         4.109581e-02   6.461216e-02   7.447680e-02  
      4.75  3.863456e-01         4.158468e-02   5.704376e-02   6.674175e-02  
       5.5  4.178563e-01         3.649675e-02   5.728516e-02   7.218527e-02  
       6.5  4.899818e-01         4.656564e-02   6.646942e-02   8.464505e-02  
       7.5  4.993284e-01         6.918893e-02   6.608408e-02   8.625969e-02  
60-80%
      2.25  5.260003e-01         4.890425e-02   1.327425e-01   1.304393e-01  
      2.75  5.020672e-01         4.352427e-02   9.656437e-02   1.245043e-01  
      3.25  5.091590e-01         3.682536e-02   7.519387e-02   1.262629e-01  
      3.75  4.524488e-01         3.797943e-02   6.758627e-02   1.121997e-01  
      4.25  4.896886e-01         6.092450e-02   7.339945e-02   1.214346e-01  
      4.75  5.837724e-01         7.028638e-02   8.502991e-02   1.447658e-01  
       5.5  5.702699e-01         6.498118e-02   7.975203e-02   1.414174e-01  
       6.5  6.174208e-01         9.614942e-02   8.463171e-02   1.531100e-01  


Table 3.3.1. Ks meson RAA (Glauber 1) vs. pT and centrality in U+U at 192 GeV


pT (GeV/c)           RAA  Stat. + Type A Unc.    Type B Unc.    Type C Unc.
Minimum Bias
       6.5  2.847109e-01         8.513488e-02   7.080326e-02   7.289818e-02  
       7.5  2.681281e-01         7.737825e-02   7.385583e-02   6.865227e-02  
       8.5  1.856887e-01         6.743732e-02   5.049031e-02   4.754426e-02  
       9.5  3.319481e-01         1.212078e-01   9.470403e-02   8.499293e-02  
        11  3.443163e-01         1.273942e-01   1.054040e-01   8.815972e-02  
 0-20%
       6.5  2.154198e-01         1.428357e-01   5.839799e-02   4.262082e-02  
       7.5  2.888283e-01         1.610877e-01   8.544529e-02   5.714470e-02  
       8.5  3.034480e-01         1.797906e-01   8.877059e-02   6.003721e-02  
       9.5  2.473679e-01         1.769719e-01   7.545332e-02   4.894175e-02  
        11  2.259604e-01         1.353150e-01   7.332344e-02   4.470628e-02  
20-40%
       6.5  4.274219e-01         1.516539e-01   1.104677e-01   8.497756e-02  
       7.5  3.675507e-01         1.584561e-01   1.044940e-01   7.307431e-02  
       8.5  3.099684e-01         1.148934e-01   8.706031e-02   6.162613e-02  
       9.5  4.819605e-01         2.102231e-01   1.416239e-01   9.582061e-02  
40-80%
       6.5  4.598050e-01         1.644798e-01   1.233286e-01   9.959971e-02  
       7.5  7.694877e-01         2.342043e-01   2.148912e-01   1.666810e-01  
       8.5  3.399462e-01         2.429697e-01   9.160128e-02   7.363674e-02  
       9.5  5.813976e-01         2.465299e-01   1.642047e-01   1.259382e-01  


Table 3.3.2. Ks meson RAA (Glauber 2) vs. pT and centrality in U+U at 192 GeV


pT (GeV/c)           RAA  Stat. + Type A Unc.    Type B Unc.    Type C Unc.
Minimum Bias
       6.5  2.617921e-01         7.828165e-02   6.510371e-02   5.472033e-02  
       7.5  2.465442e-01         7.114941e-02   6.791055e-02   5.153318e-02  
       8.5  1.707410e-01         6.200871e-02   4.642592e-02   3.568864e-02  
       9.5  3.052268e-01         1.114508e-01   8.708050e-02   6.379914e-02  
        11  3.165993e-01         1.171391e-01   9.691917e-02   6.617624e-02  
 0-20%
       6.5  2.014953e-01         1.336030e-01   5.462321e-02   4.093393e-02  
       7.5  2.701588e-01         1.506752e-01   7.992222e-02   5.488298e-02  
       8.5  2.838335e-01         1.681691e-01   8.303256e-02   5.766100e-02  
       9.5  2.313783e-01         1.655326e-01   7.057610e-02   4.700469e-02  
        11  2.113546e-01         1.265684e-01   6.858391e-02   4.293686e-02  
20-40%
       6.5  3.821768e-01         1.356005e-01   9.877401e-02   8.038476e-02  
       7.5  3.286433e-01         1.416826e-01   9.343268e-02   6.912485e-02  
       8.5  2.771564e-01         1.027313e-01   7.784447e-02   5.829540e-02  
       9.5  4.309422e-01         1.879697e-01   1.266322e-01   9.064178e-02  
40-80%
       6.5  4.014693e-01         1.436122e-01   1.076819e-01   8.581885e-02  
       7.5  6.718624e-01         2.044907e-01   1.876278e-01   1.436186e-01  
       8.5  2.968170e-01         2.121440e-01   7.997977e-02   6.344818e-02  
       9.5  5.076353e-01         2.152525e-01   1.433720e-01   1.085131e-01