////////////////////////////////////////
//////                             ////
/////  Invariant yields (Fig. 2)  ////
////                             ////
////////////////////////////////////

Table 1.1. pi0 meson invariant yields vs. pT and centrality in U+U at 192 GeV


pT (GeV/c)  Inv. yield ((GeV/c)^{-2})  Stat. + Type A Unc.    Type B Unc.    Type C Unc.
Minimum Bias
      1.25               1.023071e+00         1.317401e-02   4.379850e-02   5.319969e-02  
      1.75               1.668544e-01         1.502355e-03   8.020955e-03   8.676427e-03  
      2.25               3.409751e-02         2.647312e-04   1.812672e-03   1.773071e-03  
      2.75               8.205684e-03         5.995801e-05   4.851295e-04   4.266956e-04  
      3.25               2.200196e-03         1.571667e-05   1.417397e-04   1.144102e-04  
      3.75               6.662986e-04         4.822989e-06   4.597285e-05   3.464753e-05  
      4.25               2.350221e-04         1.840088e-06   1.709728e-05   1.222115e-05  
      4.75               9.163807e-05         7.973538e-07   6.929708e-06   4.765179e-06  
      5.25               3.993045e-05         3.892373e-07   3.099726e-06   2.076384e-06  
      5.75               1.866934e-05         2.134989e-07   1.470407e-06   9.708058e-07  
      6.25               9.611278e-06         1.279690e-07   7.600251e-07   4.997865e-07  
      6.75               5.104145e-06         8.335010e-08   4.049121e-07   2.654155e-07  
      7.25               2.917753e-06         5.492410e-08   2.323120e-07   1.517232e-07  
      7.75               1.687182e-06         3.766646e-08   1.349179e-07   8.773347e-08  
      8.25               1.049721e-06         2.812870e-08   8.423669e-08   5.458552e-08  
      8.75               6.076514e-07         2.034783e-08   4.957245e-08   3.159787e-08  
      9.25               4.213535e-07         1.515517e-08   3.456225e-08   2.191038e-08  
      9.75               2.924756e-07         1.214083e-08   2.437181e-08   1.520873e-08  
        11               1.092829e-07         3.186764e-09   9.146550e-09   5.682712e-09  
        13               2.845185e-08         1.405833e-09   2.629013e-09   1.479496e-09  
        15               9.115013e-09         8.147536e-10   9.420441e-10   4.739807e-10  
        17               3.720821e-09         5.567273e-10   4.878773e-10   1.934827e-10  
 0-20%
      1.25               2.559870e+00         5.196711e-02   1.178760e-01   1.331133e-01  
      1.75               4.115994e-01         5.812835e-03   2.047882e-02   2.140317e-02  
      2.25               8.361304e-02         1.037143e-03   4.522597e-03   4.347878e-03  
      2.75               1.961581e-02         2.301935e-04   1.162779e-03   1.020022e-03  
      3.25               5.027392e-03         5.816554e-05   3.216915e-04   2.614244e-04  
      3.75               1.437874e-03         1.702018e-05   9.794529e-05   7.476942e-05  
      4.25               5.059543e-04         6.580596e-06   3.617860e-05   2.630962e-05  
      4.75               1.893302e-04         2.725589e-06   1.412143e-05   9.845170e-06  
      5.25               8.310428e-05         1.329481e-06   6.360157e-06   4.321422e-06  
      5.75               3.865858e-05         7.169836e-07   3.005017e-06   2.010246e-06  
      6.25               1.982194e-05         4.214936e-07   1.548096e-06   1.030741e-06  
      6.75               1.071344e-05         2.697357e-07   8.401880e-07   5.570987e-07  
      7.25               6.087950e-06         1.757350e-07   4.793788e-07   3.165734e-07  
      7.75               3.509781e-06         1.171752e-07   2.778833e-07   1.825086e-07  
      8.25               2.306508e-06         8.702578e-08   1.838216e-07   1.199384e-07  
      8.75               1.219760e-06         5.991158e-08   9.933256e-08   6.342751e-08  
      9.25               8.887496e-07         4.562513e-08   7.257647e-08   4.621498e-08  
      9.75               6.476536e-07         3.684280e-08   5.361331e-08   3.367799e-08  
        11               2.362831e-07         9.371936e-09   1.973577e-08   1.228672e-08  
        13               6.310943e-08         4.224182e-09   5.870308e-09   3.281691e-09  
        15               1.974651e-08         2.429897e-09   2.102582e-09   1.026818e-09  
20-40%
      1.25               1.150872e+00         2.048229e-02   4.613853e-02   5.984533e-02  
      1.75               1.913357e-01         2.454521e-03   9.018618e-03   9.949456e-03  
      2.25               3.903760e-02         4.361861e-04   2.110172e-03   2.029955e-03  
      2.75               9.624970e-03         1.049615e-04   5.823454e-04   5.004984e-04  
      3.25               2.678111e-03         2.950406e-05   1.772957e-04   1.392618e-04  
      3.75               8.476607e-04         9.754648e-06   6.028805e-05   4.407835e-05  
      4.25               2.996457e-04         3.784025e-06   2.254453e-05   1.558158e-05  
      4.75               1.195031e-04         1.747274e-06   9.364737e-06   6.214161e-06  
      5.25               5.181891e-05         8.626232e-07   4.180749e-06   2.694583e-06  
      5.75               2.403237e-05         4.722494e-07   1.960948e-06   1.249683e-06  
      6.25               1.262163e-05         2.820854e-07   1.032729e-06   6.563249e-07  
      6.75               6.437820e-06         1.779799e-07   5.286978e-07   3.347666e-07  
      7.25               3.707433e-06         1.137135e-07   3.062982e-07   1.927865e-07  
      7.75               2.116714e-06         7.869850e-08   1.756650e-07   1.100691e-07  
      8.25               1.280215e-06         5.771355e-08   1.067324e-07   6.657116e-08  
      8.75               7.793948e-07         4.293398e-08   6.638455e-08   4.052853e-08  
      9.25               5.146598e-07         3.106793e-08   4.411358e-08   2.676231e-08  
      9.75               3.540288e-07         2.569283e-08   3.107199e-08   1.840950e-08  
        11               1.284460e-07         6.516682e-09   1.109110e-08   6.679193e-09  
        13               2.919041e-08         2.813227e-09   2.805728e-09   1.517901e-09  
40-60%
      1.25               3.792210e-01         6.893068e-03   1.661728e-02   1.971949e-02  
      1.75               6.269923e-02         8.461099e-04   3.096448e-03   3.260360e-03  
      2.25               1.359441e-02         1.559727e-04   7.414268e-04   7.069091e-04  
      2.75               3.451604e-03         3.729549e-05   2.072993e-04   1.794834e-04  
      3.25               9.938840e-04         1.064179e-05   6.464073e-05   5.168197e-05  
      3.75               3.270008e-04         3.612519e-06   2.267157e-05   1.700404e-05  
      4.25               1.197250e-04         1.473055e-06   8.723343e-06   6.225699e-06  
      4.75               4.888703e-05         7.067739e-07   3.689671e-06   2.542125e-06  
      5.25               2.138280e-05         3.630323e-07   1.654339e-06   1.111906e-06  
      5.75               1.013122e-05         2.161804e-07   7.944728e-07   5.268234e-07  
      6.25               5.193901e-06         1.340137e-07   4.076217e-07   2.700829e-07  
      6.75               2.781278e-06         9.069233e-08   2.191526e-07   1.446264e-07  
      7.25               1.612948e-06         6.210532e-08   1.275080e-07   8.387331e-08  
      7.75               9.047027e-07         4.460278e-08   7.188772e-08   4.704454e-08  
      8.25               5.421306e-07         3.168073e-08   4.332637e-08   2.819079e-08  
      8.75               3.696723e-07         2.505553e-08   2.997743e-08   1.922296e-08  
60-80%
      1.25               7.451466e-02         1.267333e-03   3.207530e-03   3.874762e-03  
      1.75               1.260047e-02         1.640959e-04   6.130079e-04   6.552243e-04  
      2.25               2.707045e-03         3.134102e-05   1.474933e-04   1.407664e-04  
      2.75               7.310127e-04         8.119117e-06   4.390290e-05   3.801266e-05  
      3.25               2.206668e-04         2.605522e-06   1.435506e-05   1.147467e-05  
      3.75               7.442170e-05         1.011998e-06   5.160863e-06   3.869929e-06  
      4.25               2.809914e-05         4.654572e-07   2.048835e-06   1.461155e-06  
      4.75               1.119394e-05         2.381301e-07   8.477392e-07   5.820851e-07  
      5.25               5.000671e-06         1.403965e-07   3.884133e-07   2.600349e-07  
      5.75               2.366889e-06         8.611358e-08   1.869533e-07   1.230782e-07  
      6.25               1.127782e-06         5.518205e-08   8.972067e-08   5.864465e-08  
      6.75               6.460992e-07         4.041316e-08   5.123267e-08   3.359716e-08  
      7.25               3.402387e-07         2.772153e-08   2.730413e-08   1.769241e-08  
      7.75               2.345060e-07         2.074763e-08   1.863260e-08   1.219431e-08  
      8.25               1.275010e-07         1.462894e-08   1.016425e-08   6.630052e-09  


Table 1.2. eta meson invariant yields vs. pT and centrality in U+U at 192 GeV


pT (GeV/c)  Inv. yield ((GeV/c)^{-2})  Stat. + Type A Unc.    Type B Unc.    Type C Unc.
Minimum Bias
      2.25               1.039996e-02         7.135924e-04   9.700893e-04   5.407982e-04  
      2.75               3.506021e-03         1.707260e-04   3.202063e-04   1.823131e-04  
      3.25               1.013428e-03         5.393687e-05   9.316679e-05   5.269824e-05  
      3.75               2.779172e-04         1.646732e-05   2.574095e-05   1.445170e-05  
      4.25               1.025653e-04         8.727786e-06   9.515577e-06   5.333397e-06  
      4.75               4.368911e-05         3.653009e-06   3.910923e-06   2.271834e-06  
       5.5               1.387634e-05         9.355836e-07   1.232545e-06   7.215698e-07  
       6.5               3.421838e-06         2.833963e-07   2.985084e-07   1.779356e-07  
       7.5               1.088868e-06         1.108992e-07   9.014324e-08   5.662111e-08  
       8.5               3.163791e-07         5.334341e-08   3.167089e-08   1.645171e-08  
       9.5               2.050098e-07         2.523052e-08   1.698413e-08   1.066051e-08  
        11               5.914051e-08         7.204507e-09   4.650874e-09   3.075306e-09  
        13               1.901360e-08         3.082191e-09   1.616923e-09   9.887070e-10  
 0-20%
      2.25               3.648059e-02         3.380209e-03   3.453299e-03   1.896991e-03  
      2.75               9.068020e-03         7.435010e-04   8.327849e-04   4.715371e-04  
      3.25               2.349272e-03         2.272613e-04   2.159138e-04   1.221621e-04  
      3.75               6.288800e-04         8.535381e-05   5.984127e-05   3.270176e-05  
      4.25               2.006550e-04         3.401926e-05   1.891486e-05   1.043406e-05  
      4.75               1.057982e-04         1.504349e-05   9.294710e-06   5.501504e-06  
       5.5               3.075160e-05         3.867935e-06   2.752570e-06   1.599083e-06  
       6.5               7.578081e-06         1.215431e-06   6.613389e-07   3.940602e-07  
       7.5               2.355480e-06         4.194660e-07   1.922234e-07   1.224850e-07  
       8.5               7.843106e-07         2.009259e-07   7.110484e-08   4.078415e-08  
       9.5               4.479790e-07         9.806830e-08   3.848519e-08   2.329491e-08  
        11               1.556452e-07         2.663191e-08   1.169239e-08   8.093551e-09  
        13               5.169073e-08         1.092500e-08   4.469705e-09   2.687918e-09  
20-40%
      2.25               1.475238e-02         1.215991e-03   1.413837e-03   7.671240e-04  
      2.75               4.421239e-03         3.080260e-04   4.171004e-04   2.299045e-04  
      3.25               1.426853e-03         9.236034e-05   1.336461e-04   7.419636e-05  
      3.75               3.697576e-04         2.746547e-05   3.441242e-05   1.922740e-05  
      4.25               1.579126e-04         1.498276e-05   1.449756e-05   8.211457e-06  
      4.75               5.101536e-05         6.589543e-06   4.967249e-06   2.652799e-06  
       5.5               1.881096e-05         1.617382e-06   1.691656e-06   9.781701e-07  
       6.5               5.052741e-06         5.079338e-07   4.196594e-07   2.627425e-07  
       7.5               1.379395e-06         2.066375e-07   1.237840e-07   7.172856e-08  
       8.5               4.413593e-07         8.937369e-08   3.922735e-08   2.295068e-08  
       9.5               2.386962e-07         4.579804e-08   2.073111e-08   1.241220e-08  
        11               8.085400e-08         1.541127e-08   7.139629e-09   4.204408e-09  
40-60%
      2.25               5.125311e-03         3.429458e-04   4.978887e-04   2.665162e-04  
      2.75               1.356311e-03         8.666096e-05   1.277936e-04   7.052815e-05  
      3.25               4.461802e-04         2.883583e-05   4.170550e-05   2.320137e-05  
      3.75               1.359802e-04         8.968646e-06   1.241748e-05   7.070971e-06  
      4.25               5.603330e-05         5.324626e-06   5.389121e-06   2.913732e-06  
      4.75               2.155997e-05         2.310791e-06   1.981922e-06   1.121119e-06  
       5.5               7.401580e-06         6.439033e-07   6.660361e-07   3.848822e-07  
       6.5               2.251583e-06         2.120599e-07   1.951786e-07   1.170823e-07  
       7.5               6.984263e-07         9.575089e-08   5.636433e-08   3.631817e-08  
60-80%
      2.25               9.793899e-04         7.301903e-05   9.880414e-05   5.092827e-05  
      2.75               2.999689e-04         2.018023e-05   2.905462e-05   1.559838e-05  
      3.25               9.423321e-05         6.804011e-06   9.123079e-06   4.900127e-06  
      3.75               2.817323e-05         2.359606e-06   2.763586e-06   1.465008e-06  
      4.25               1.142979e-05         1.419436e-06   1.099640e-06   5.943492e-07  
      4.75               5.850422e-06         7.020074e-07   5.188652e-07   3.042219e-07  
       5.5               1.814050e-06         2.062249e-07   1.707604e-07   9.433061e-08  
       6.5               5.095194e-07         7.908177e-08   4.528850e-08   2.649501e-08  


Table 1.3. Ks meson invariant yields vs. pT and centrality in U+U at 192 GeV


pT (GeV/c)  Inv. yield ((GeV/c)^{-2})  Stat. + Type A Unc.    Type B Unc.    Type C Unc.
Minimum Bias
       6.5               4.371392e-06         1.253462e-06   8.261952e-07   4.547088e-07  
       7.5               1.168510e-06         2.947514e-07   2.199713e-07   1.215475e-07  
       8.5               3.121468e-07         1.000096e-07   5.855728e-08   3.246927e-08  
       9.5               1.943977e-07         6.424849e-08   3.637411e-08   2.022110e-08  
        11               6.077895e-08         1.581282e-08   1.130650e-08   6.322179e-09  
 0-20%
       6.5               8.941183e-06         5.879819e-06   1.945945e-06   9.300550e-07  
       7.5               3.402701e-06         1.836848e-06   7.383398e-07   3.539463e-07  
       8.5               1.378959e-06         7.822517e-07   2.984333e-07   1.434383e-07  
       9.5               3.916137e-07         2.734934e-07   8.458869e-08   4.073536e-08  
        11               1.078256e-07         5.800654e-08   2.317401e-08   1.121593e-08  
20-40%
       6.5               6.362226e-06         2.191945e-06   1.283121e-06   6.617938e-07  
       7.5               1.552902e-06         6.330894e-07   3.120934e-07   1.615317e-07  
       8.5               5.051582e-07         1.661243e-07   1.012144e-07   5.254617e-08  
       9.5               2.736333e-07         1.115398e-07   5.470182e-08   2.846313e-08  
40-80%
       6.5               1.156799e-06         4.020069e-07   2.476164e-07   1.203294e-07  
       7.5               5.494909e-07         1.484467e-07   1.064855e-07   5.715762e-08  
       8.5               9.363801e-08         6.498202e-08   1.723182e-08   9.740153e-09  
       9.5               5.579082e-08         2.201468e-08   1.019361e-08   5.803318e-09  