#pT  dN/(2pi dy pT dpT)  dN/(2pi dy pT dpT)_err  vn{SP}  vn{SP}_err
7.0531104333e-02  8.1173316174e+01  6.5228761832e-01  2.1560105587e-03  4.9588947086e-04  2.2159068979e-03  4.9282023610e-04  1.4565284423e-03  4.8073138697e-04  5.7207655349e-04  5.7749773645e-04  5.1577330858e-04  4.4287783714e-04  
1.5362313186e-01  1.1385635015e+02  9.1096636065e-01  5.9793879021e-03  6.2581742828e-04  8.6997784030e-03  5.8110036205e-04  1.5468123724e-03  2.9379621569e-04  1.4808538872e-03  3.0560330414e-04  1.4920767217e-03  2.5126909364e-04  
2.5020853333e-01  8.4736048859e+01  6.6208575990e-01  9.1796235321e-03  9.6722905819e-04  2.0724433465e-02  1.3630587868e-03  2.9064627829e-03  3.0574172495e-04  2.1767770534e-03  2.9548996983e-04  1.7821247959e-03  2.5748304347e-04  
3.4911681105e-01  5.7900342245e+01  4.3898268646e-01  1.1612311952e-02  1.1539272178e-03  3.3647072479e-02  2.1674165143e-03  4.6024801821e-03  4.2588313625e-04  1.8710660154e-03  2.9375601201e-04  1.6756138585e-03  2.2945338287e-04  
4.4866805623e-01  3.9322293552e+01  2.8826029556e-01  1.1650115647e-02  1.1650410163e-03  4.5192425422e-02  2.9512495141e-03  5.8946629163e-03  5.2839338173e-04  3.5427241756e-03  4.7573441619e-04  2.0549671293e-03  2.8827095265e-04  
5.4835952281e-01  2.6895547659e+01  1.9949610060e-01  1.2623099494e-02  1.3335227675e-03  5.5708251935e-02  3.6863366449e-03  7.8835252809e-03  7.1411708816e-04  3.9258562411e-03  5.8102368854e-04  1.5621311804e-03  2.9386320127e-04  
6.4822668065e-01  1.8524231236e+01  1.4135088373e-01  1.1325400588e-02  1.3020101013e-03  6.4321963177e-02  4.2435194693e-03  1.0003189677e-02  8.8379806992e-04  4.0768975825e-03  6.4923983180e-04  2.3693485752e-03  3.3232437885e-04  
7.4811829876e-01  1.2876162413e+01  1.0383673891e-01  9.8283006956e-03  1.1348371679e-03  7.2188255823e-02  4.6847366148e-03  1.0644664464e-02  9.7909778106e-04  3.9540196458e-03  5.9972860941e-04  2.0844435545e-03  3.5787052083e-04  
8.4805020350e-01  9.0097102772e+00  7.7242969974e-02  7.8751848764e-03  1.2277936612e-03  7.9281144384e-02  5.2442070258e-03  1.2579618943e-02  1.1840796987e-03  4.8435052937e-03  7.1331523566e-04  3.4424048580e-03  4.6737395734e-04  
9.4800099985e-01  6.3548168154e+00  5.9202353988e-02  6.7107529621e-03  1.2075273905e-03  8.4966925133e-02  5.6513839151e-03  1.4222856580e-02  1.3083937922e-03  6.4061888046e-03  1.0178999563e-03  3.3320139326e-03  4.8849091227e-04  
1.0479282891e+00  4.5049170821e+00  4.5679774377e-02  3.1223455440e-03  1.1553018062e-03  9.0435076722e-02  6.2214508782e-03  1.5290965201e-02  1.4316433394e-03  5.4730606755e-03  8.7049536537e-04  4.1601677487e-03  5.0716086236e-04  
1.1479394069e+00  3.2041166307e+00  3.5788168177e-02  1.7672589365e-03  1.2380665387e-03  9.5486441154e-02  6.3570641981e-03  1.6406066979e-02  1.5715319525e-03  6.9948784440e-03  1.0850403673e-03  4.0472081292e-03  6.5860097225e-04  
1.2479596334e+00  2.2888530433e+00  2.7944198086e-02  -2.8810895784e-03  1.2587867130e-03  9.9274132020e-02  6.5779194039e-03  1.7219576476e-02  1.8309702143e-03  6.8815951612e-03  1.0805042271e-03  5.5866608784e-03  7.1625594831e-04  
1.3478560980e+00  1.6399530909e+00  2.2259475500e-02  -5.4855640867e-03  1.5665910121e-03  1.0260046754e-01  6.8511360312e-03  1.9428424570e-02  1.9835188370e-03  7.1665798962e-03  1.2897771751e-03  4.4145395682e-03  7.2106589779e-04  
1.4478088627e+00  1.1821013179e+00  1.7340317074e-02  -9.3503373359e-03  1.9084845294e-03  1.0706668852e-01  7.2882183185e-03  2.0637998215e-02  2.1302207026e-03  6.3375901297e-03  1.1963943700e-03  5.2809320540e-03  8.5994822058e-04  
1.5477625025e+00  8.5065671872e-01  1.3463648340e-02  -1.3405643013e-02  2.4244262499e-03  1.0968398148e-01  7.5683335258e-03  2.0877511165e-02  2.2134393271e-03  7.9543888739e-03  1.4644527029e-03  5.8267294699e-03  1.0117391274e-03  
1.6479023823e+00  6.1302749873e-01  1.0558987577e-02  -1.8942048252e-02  2.6589386987e-03  1.1193150537e-01  7.8290140653e-03  2.2142949941e-02  2.6336440242e-03  9.6188004301e-03  1.6904783633e-03  7.0137019709e-03  1.1148833713e-03  
1.7477470653e+00  4.4492126277e-01  8.3031199976e-03  -1.9802988611e-02  3.7265038223e-03  1.1604597990e-01  8.0585093822e-03  2.4347257749e-02  2.7568313220e-03  7.4444531689e-03  1.5929141660e-03  7.9188375215e-03  1.3850636871e-03  
1.8478183107e+00  3.2261473113e-01  6.4999551630e-03  -2.6016753612e-02  3.9848807332e-03  1.1820712656e-01  8.4864289065e-03  2.4014892261e-02  2.7748986331e-03  1.0201361062e-02  2.9085054617e-03  6.0818346924e-03  1.5330797123e-03  
1.9477589058e+00  2.3387695948e-01  5.0766882162e-03  -3.3230867342e-02  4.9066834870e-03  1.2093968731e-01  8.3594748696e-03  2.1661769988e-02  2.7207166149e-03  9.4657369601e-03  2.1135975158e-03  7.4058296794e-03  1.5900240735e-03  
2.0477197662e+00  1.6925998882e-01  3.9636394573e-03  -3.8338823071e-02  5.5506122863e-03  1.2146130016e-01  8.5159098936e-03  2.4354825393e-02  3.4082113183e-03  7.5748903154e-03  2.5827960540e-03  7.2368607118e-03  1.8468821826e-03  
2.1475256143e+00  1.2285725729e-01  3.0432002816e-03  -4.1792403434e-02  6.0917830970e-03  1.2366380234e-01  9.0706387512e-03  2.6720081761e-02  3.6552439598e-03  4.1975635231e-04  2.6716953282e-03  6.6760269093e-03  2.3697265466e-03  
2.2477278775e+00  8.9850585137e-02  2.3460456673e-03  -4.9063915990e-02  6.8110805921e-03  1.2383035237e-01  9.3836095193e-03  2.1578416545e-02  3.4855553268e-03  7.5960083628e-03  3.2334907628e-03  7.9103827341e-03  2.4361276973e-03  
2.3476927829e+00  6.5209187891e-02  1.8299828376e-03  -5.6392974297e-02  7.7501059094e-03  1.3046583496e-01  9.6572389134e-03  2.6046971810e-02  4.3278918718e-03  5.6765857389e-03  3.2320890553e-03  4.5563825353e-03  2.4003653463e-03  
2.4476363854e+00  4.7226882163e-02  1.4202515124e-03  -5.3051830589e-02  8.1814038051e-03  1.3281589175e-01  1.0585590039e-02  2.5101173999e-02  3.8473539725e-03  2.6513712850e-03  3.3153819387e-03  1.2086781505e-02  3.4626134935e-03  
2.5478731997e+00  3.4868410736e-02  1.1050863243e-03  -6.0507290690e-02  9.3334137349e-03  1.2502514422e-01  9.6716442636e-03  2.0221037329e-02  4.8456562726e-03  9.0950103606e-03  4.6997232380e-03  9.9196373286e-03  3.5315267356e-03  
2.6477640242e+00  2.5154692974e-02  8.2155904746e-04  -6.8878585125e-02  1.0137741955e-02  1.2980142047e-01  1.1061199586e-02  2.1667515286e-02  4.9362344189e-03  1.3169635823e-02  4.8711153640e-03  1.5738954872e-02  3.8521542162e-03  
2.7480187959e+00  1.8193424611e-02  6.2135030465e-04  -6.8330663562e-02  1.1820710717e-02  1.3396499184e-01  1.1266892626e-02  2.2526820112e-02  5.9567631539e-03  2.1829861378e-02  5.5855441169e-03  1.1505421634e-02  4.8262799257e-03  
2.8475563772e+00  1.3223059339e-02  4.9066130026e-04  -7.9340874359e-02  1.2123651877e-02  1.3295550545e-01  1.1938052446e-02  2.2914213997e-02  8.6551677467e-03  3.4227213709e-03  6.3623266351e-03  8.8232643043e-03  5.0041402751e-03  
2.9472667866e+00  9.5185517074e-03  3.7506821922e-04  -8.1121530351e-02  1.2868054207e-02  1.3688677291e-01  1.2286241898e-02  1.7372444969e-02  8.9718202035e-03  1.0805064007e-02  7.3484418662e-03  1.0331843312e-02  6.0181606322e-03  
