#pT  dN/(2pi dy pT dpT)  dN/(2pi dy pT dpT)_err  vn{SP}  vn{SP}_err
7.0483120462e-02  1.0892956233e+02  8.1199283955e-01  2.8936613841e-03  8.1636244769e-04  2.5699344950e-03  4.5221052699e-04  -3.9305863048e-05  4.2538900516e-04  2.0405617701e-04  4.1912330012e-04  2.9139103348e-05  4.5704508399e-04  
1.5360736853e-01  1.5278129520e+02  1.1304948611e+00  6.7774912565e-03  1.3452009094e-03  9.4958875785e-03  6.2891957428e-04  1.6508108900e-03  2.6363581192e-04  1.3332286124e-03  2.7400107201e-04  1.5887001403e-03  2.6339252190e-04  
2.5013842018e-01  1.1283305619e+02  8.1192331289e-01  1.0993195509e-02  2.2887165284e-03  2.2061580012e-02  1.3233003624e-03  2.8692246502e-03  3.2805950854e-04  1.4853395671e-03  2.6531007408e-04  1.3723283255e-03  2.4220455581e-04  
3.4903894218e-01  7.6451297778e+01  5.2878409993e-01  1.3780964849e-02  2.7392474695e-03  3.5589491451e-02  2.0980674475e-03  4.9422205402e-03  4.0926634663e-04  1.9099897576e-03  2.9272045380e-04  1.4214315801e-03  2.1601512355e-04  
4.4855563204e-01  5.1364130679e+01  3.4856825099e-01  1.4789590554e-02  2.9751276365e-03  4.8494457759e-02  2.9557399597e-03  7.6207495319e-03  6.3412318113e-04  3.3311242166e-03  3.4538039676e-04  1.8975334504e-03  2.6310739851e-04  
5.4829978653e-01  3.4766466991e+01  2.3681833476e-01  1.4903190229e-02  3.0721974681e-03  5.9535265843e-02  3.6725821246e-03  1.0595199997e-02  8.8495099265e-04  3.6873383059e-03  5.0752470419e-04  2.0792869157e-03  2.7315981905e-04  
6.4815280588e-01  2.3737184392e+01  1.6661522615e-01  1.4799278025e-02  3.4478664078e-03  6.8394447315e-02  4.2058381222e-03  1.2912138422e-02  1.0772709428e-03  4.3234650053e-03  5.4528294719e-04  1.5983304070e-03  3.1144124174e-04  
7.4803881186e-01  1.6350754569e+01  1.2237528811e-01  1.3239169168e-02  3.2699127786e-03  7.7463023395e-02  4.8223628946e-03  1.5381758847e-02  1.3953827282e-03  5.1109645503e-03  6.8415133090e-04  2.5083010965e-03  3.9738911160e-04  
8.4797727387e-01  1.1352027418e+01  9.0815835079e-02  1.1627196018e-02  3.1761237302e-03  8.4894415173e-02  5.2953750945e-03  1.7712832726e-02  1.5472365249e-03  5.6703798762e-03  8.8570657250e-04  2.7459837916e-03  4.2046833815e-04  
9.4791939566e-01  7.9313752568e+00  7.0129570148e-02  1.0009321621e-02  3.0853649371e-03  9.1233296454e-02  5.8033183964e-03  2.0489747978e-02  1.9127032769e-03  6.7693566078e-03  8.5073273755e-04  3.1064045123e-03  4.7436283635e-04  
1.0478885660e+00  5.5738808735e+00  5.3921553363e-02  7.2735996206e-03  3.4148689389e-03  9.7515812695e-02  6.2752906734e-03  2.1741188892e-02  2.0354275143e-03  7.4141681509e-03  1.0825289446e-03  4.1485605153e-03  5.3354813092e-04  
1.1478705608e+00  3.9328113239e+00  4.2042088972e-02  5.1237536841e-03  3.1757920125e-03  1.0414949350e-01  6.7497723388e-03  2.4474429358e-02  2.3310019343e-03  8.4563123572e-03  1.1108140944e-03  3.9605503447e-03  5.9083839197e-04  
1.2478060003e+00  2.7997449396e+00  3.2820590194e-02  1.2415130813e-03  3.0646724683e-03  1.0973771811e-01  7.1465924450e-03  2.6157865378e-02  2.6522125456e-03  8.5227169894e-03  1.1599370328e-03  3.9524447744e-03  7.3602181500e-04  
1.3477388980e+00  1.9906704911e+00  2.5593567405e-02  -1.7433863421e-03  2.7512094693e-03  1.1303071079e-01  7.6118047557e-03  2.8235773705e-02  2.8474439100e-03  1.0972715916e-02  1.6566442179e-03  5.2498356463e-03  8.6750520222e-04  
1.4477882871e+00  1.4205886326e+00  2.0044949510e-02  -3.9167112066e-03  2.9828081167e-03  1.1832436764e-01  8.1296566363e-03  2.7846114525e-02  2.9401974462e-03  8.9643647330e-03  1.3908331876e-03  6.5483076125e-03  9.0929815768e-04  
1.5477896715e+00  1.0172390568e+00  1.5666419069e-02  -9.5278922289e-03  3.2790891061e-03  1.2280141046e-01  8.2724111812e-03  3.0295810889e-02  3.1502498336e-03  1.1641207339e-02  1.6769499077e-03  6.3163237978e-03  9.3573332595e-04  
1.6477723320e+00  7.3098561560e-01  1.2142988488e-02  -1.0613346528e-02  3.5984774682e-03  1.2428437226e-01  8.4285932299e-03  3.0700603104e-02  3.4135472293e-03  9.8348051437e-03  1.7613180556e-03  9.4386325311e-03  1.3638585322e-03  
1.7478466566e+00  5.2506616915e-01  9.5555371880e-03  -1.5882558956e-02  4.5999406411e-03  1.2939430848e-01  9.1838234273e-03  3.3720145882e-02  3.5179618381e-03  1.0887938078e-02  1.8195277972e-03  9.9854005877e-03  1.2860572179e-03  
1.8476805201e+00  3.7887378501e-01  7.3663114406e-03  -2.0587215280e-02  5.5825833779e-03  1.3209015546e-01  9.3913138379e-03  3.4535587936e-02  4.0803326655e-03  8.6180445417e-03  1.8953853061e-03  1.1590304381e-02  1.6422120180e-03  
1.9477301040e+00  2.7184020948e-01  5.6709467067e-03  -2.4815361203e-02  5.6278500797e-03  1.3620700285e-01  9.8148437792e-03  3.5841538370e-02  4.1536531136e-03  1.4473883342e-02  2.3299869789e-03  1.0472668676e-02  1.7467680046e-03  
2.0476118650e+00  1.9667548549e-01  4.4017149153e-03  -3.3481208266e-02  5.7640266486e-03  1.3685256211e-01  1.0239203382e-02  3.7608558539e-02  4.7387692930e-03  1.3946282223e-02  2.9876203248e-03  1.0213914333e-02  2.1156252474e-03  
2.1477932685e+00  1.4158100963e-01  3.3767023905e-03  -3.6587606492e-02  6.6022578657e-03  1.4089389804e-01  1.1037226663e-02  3.8019034769e-02  4.7839524118e-03  9.2543662452e-03  2.4857020027e-03  1.4172265614e-02  2.6011369026e-03  
2.2475332249e+00  1.0248671474e-01  2.6016610103e-03  -4.1106423844e-02  8.2610909644e-03  1.4647569712e-01  1.1418816537e-02  4.0363040808e-02  4.8599845207e-03  9.0619381010e-03  2.6050850906e-03  1.5490533880e-02  2.7013243438e-03  
2.3475723371e+00  7.3696015922e-02  2.0153923649e-03  -4.3301185672e-02  7.6632204765e-03  1.4337701406e-01  1.0975105428e-02  3.7614131782e-02  5.4351165811e-03  1.4617362395e-02  4.6078812000e-03  1.0663296453e-02  2.9134174113e-03  
2.4475007688e+00  5.3061385158e-02  1.5226920199e-03  -4.5314137244e-02  1.0684692140e-02  1.5179294863e-01  1.1838294975e-02  4.0915456689e-02  5.5052635498e-03  9.1538091878e-03  4.0180298916e-03  1.2514776152e-02  3.3397874361e-03  
2.5475237242e+00  3.8351975312e-02  1.1937900968e-03  -5.2378221984e-02  1.0469889545e-02  1.4632326303e-01  1.1207782238e-02  4.3823579982e-02  5.9310773302e-03  1.2485499116e-02  4.4257959798e-03  1.1145442658e-02  3.3422165333e-03  
2.6473883748e+00  2.7949728238e-02  9.0435983032e-04  -6.0858526813e-02  1.1558258228e-02  1.5902657950e-01  1.2636504968e-02  4.4332842624e-02  6.7395627388e-03  1.7700553843e-02  5.4699805355e-03  1.0268629901e-02  3.4566853050e-03  
2.7477634611e+00  2.0419305883e-02  7.1954077155e-04  -7.2211912011e-02  1.3612021834e-02  1.4558284333e-01  1.2631642873e-02  4.8717147405e-02  7.6363547397e-03  1.5880360609e-02  4.8862383976e-03  1.6499345550e-02  4.4710328323e-03  
2.8473689382e+00  1.4538404259e-02  5.2586283335e-04  -6.5670612724e-02  1.4232137488e-02  1.5295776512e-01  1.3441179675e-02  4.2497485988e-02  8.1585124592e-03  1.0530214535e-02  6.5679281793e-03  2.1835106681e-02  6.1028901618e-03  
2.9477805721e+00  1.0466242303e-02  3.9726962852e-04  -7.6476196971e-02  1.5447557721e-02  1.5854464436e-01  1.5066997045e-02  3.6143147483e-02  8.0231191775e-03  5.7326062616e-03  7.6997724851e-03  1.4797271967e-02  5.9357435569e-03  
