#pT  dN/(2pi dy pT dpT)  dN/(2pi dy pT dpT)_err  vn{SP}  vn{SP}_err
7.0511453192e-02  5.1806525989e+01  4.2180819698e-01  1.1053400499e-03  5.7523475601e-04  9.8839016836e-04  6.8721070589e-04  1.3436686393e-03  6.7834904160e-04  -6.9176748027e-04  5.3119135344e-04  -5.6407425211e-05  5.1644551332e-04  
1.5364818022e-01  7.2955735982e+01  5.9278483343e-01  5.1949381835e-03  5.9466694277e-04  4.6672136189e-03  4.5590077863e-04  1.3908175921e-03  3.3313531741e-04  1.2481899218e-03  3.5459198919e-04  2.1186863974e-03  3.5778105241e-04  
2.5030145122e-01  5.4683627888e+01  4.4086621228e-01  8.9222354040e-03  8.8906142389e-04  1.3019019308e-02  9.6864799731e-04  2.6972757853e-03  3.3067911275e-04  2.7972113597e-03  3.4152398112e-04  2.0703211066e-03  3.2810300682e-04  
3.4921715162e-01  3.7807415775e+01  3.0562570855e-01  1.0022066677e-02  9.5260268023e-04  2.1871622740e-02  1.7173559663e-03  4.4541878070e-03  4.8115049139e-04  2.1440808437e-03  3.1149440675e-04  2.8817292004e-03  3.7438228502e-04  
4.4872860179e-01  2.5963248475e+01  2.1529951668e-01  1.1331178571e-02  1.1571717344e-03  2.9140710476e-02  2.3319434291e-03  5.3454878241e-03  4.9149638454e-04  2.4425314454e-03  3.3547532280e-04  2.5500740225e-03  3.5627006539e-04  
5.4842102064e-01  1.7915688594e+01  1.5463310873e-01  1.0775122183e-02  1.1242468038e-03  3.7360521578e-02  2.9553809903e-03  6.6627733905e-03  6.3350596930e-04  2.7091079214e-03  3.6412701539e-04  2.9266406730e-03  3.6654400973e-04  
6.4830617509e-01  1.2470606752e+01  1.1522778480e-01  9.4408024415e-03  1.0004117794e-03  4.4199567716e-02  3.5134301653e-03  8.7289580464e-03  8.9667860615e-04  3.3370777775e-03  3.9639359478e-04  2.5607021049e-03  3.8652925371e-04  
7.4818397943e-01  8.7370248357e+00  8.6610933797e-02  7.6284766183e-03  8.5362072286e-04  4.9356870997e-02  3.8967600300e-03  8.3728008786e-03  7.8743862112e-04  3.2551566818e-03  4.5591343006e-04  2.6960905690e-03  4.5309863278e-04  
8.4809421051e-01  6.1680358459e+00  6.6534014414e-02  4.6036916753e-03  7.0361632851e-04  5.4593916381e-02  4.4691221591e-03  1.0468944958e-02  1.0114244410e-03  3.8920026063e-03  4.9208619890e-04  3.7385741386e-03  4.8937062588e-04  
9.4803844884e-01  4.3772913166e+00  5.1530397909e-02  2.5592319683e-03  7.0611531787e-04  5.8807302206e-02  4.8151811772e-03  1.0924299942e-02  1.0104638258e-03  5.2261904610e-03  5.8204843183e-04  3.8994178821e-03  5.7890354536e-04  
1.0480103930e+00  3.1251135009e+00  3.9917003377e-02  -3.7015076365e-04  6.8651338537e-04  6.3865631375e-02  5.4853350294e-03  1.1559690376e-02  1.3442421814e-03  5.3059331270e-03  6.9551856066e-04  3.5120606136e-03  6.1614729664e-04  
1.1479132548e+00  2.2389903061e+00  3.1350367970e-02  -2.6623746605e-03  8.5429104072e-04  6.6505114451e-02  5.9528656950e-03  1.2285606013e-02  1.3762991434e-03  4.4850007516e-03  7.1726892382e-04  4.8301165417e-03  6.8220211553e-04  
1.2479797580e+00  1.6102647772e+00  2.4563481603e-02  -5.7442634786e-03  1.0727509158e-03  7.3201258996e-02  6.5698675305e-03  1.4013660670e-02  1.7498854117e-03  6.1404117313e-03  9.7034948026e-04  5.6103044065e-03  8.4170193598e-04  
1.3478936814e+00  1.1600866328e+00  1.9406793948e-02  -7.8570040919e-03  1.5542104565e-03  7.3839943441e-02  6.4533133099e-03  1.2857275560e-02  1.8213913135e-03  6.6738092132e-03  1.0103501250e-03  4.4481258822e-03  9.0080425392e-04  
1.4478862706e+00  8.3938476095e-01  1.5304770525e-02  -1.3170086031e-02  1.7654344147e-03  7.8840663043e-02  7.2405739308e-03  1.4046781390e-02  1.8609954133e-03  7.0384815468e-03  1.0627220765e-03  5.6131448578e-03  9.7219510697e-04  
1.5479788484e+00  6.0832359101e-01  1.1850984437e-02  -1.8480531935e-02  2.6195857055e-03  8.1426588925e-02  7.4051654760e-03  1.2850799304e-02  1.7627105243e-03  8.1757728700e-03  1.1982216684e-03  5.1685107175e-03  1.1208279048e-03  
1.6478720346e+00  4.4303336464e-01  9.3377093868e-03  -1.8327482585e-02  2.6047930267e-03  8.5207172383e-02  7.9407866010e-03  1.2922031555e-02  2.3282812253e-03  5.3647075050e-03  1.3480530326e-03  7.3459405642e-03  1.3848251559e-03  
1.7478877635e+00  3.2156128135e-01  7.3280993001e-03  -2.2748967810e-02  3.2126882500e-03  8.6370210983e-02  8.4051924282e-03  1.5594292144e-02  2.5687426657e-03  8.5684376161e-03  1.6547998828e-03  4.8453106521e-03  1.6680236509e-03  
1.8478920931e+00  2.3359734632e-01  5.7028655645e-03  -2.3369999791e-02  3.0460437501e-03  8.7825376818e-02  9.2585270611e-03  1.2127391949e-02  2.5532863639e-03  6.9637321345e-03  1.7170956943e-03  1.0699571670e-02  1.7290738570e-03  
1.9478078433e+00  1.7030632484e-01  4.4000760524e-03  -3.3451087562e-02  4.4921606197e-03  9.0648148730e-02  9.3840920220e-03  1.2201364152e-02  2.6840885499e-03  5.4362355735e-03  1.9113686058e-03  9.9214204075e-03  2.1790097637e-03  
2.0479057105e+00  1.2463695897e-01  3.4856454896e-03  -4.0959309180e-02  5.1183810470e-03  9.1826220212e-02  9.6699079221e-03  8.3963746516e-03  3.3186946013e-03  5.0323501876e-03  2.0609631970e-03  1.0975092048e-02  2.3310852124e-03  
2.1476903491e+00  9.0899862912e-02  2.6897531381e-03  -3.8336483876e-02  5.3228405060e-03  8.9459526254e-02  9.3908740080e-03  3.8637016432e-03  2.7581543858e-03  5.6058616575e-03  2.4269966590e-03  8.8576568187e-03  2.4420587288e-03  
2.2475548458e+00  6.6278125255e-02  2.1184550209e-03  -4.4789470962e-02  6.2115608701e-03  9.9246242067e-02  1.0989145741e-02  8.3027657992e-03  3.6803537159e-03  4.6240486026e-03  3.1799678992e-03  1.1210439819e-02  2.8313505110e-03  
2.3475969281e+00  4.8199866855e-02  1.6067617053e-03  -4.8177423505e-02  6.9832506494e-03  9.2509574377e-02  1.0406029607e-02  5.9839952704e-03  3.6179677398e-03  6.3046064734e-03  3.2695570536e-03  8.1442582518e-03  3.4181235432e-03  
2.4479426530e+00  3.5521380803e-02  1.2517868038e-03  -5.4340699501e-02  8.2526393353e-03  9.7017688024e-02  1.0303294020e-02  1.3136177453e-02  5.1503035068e-03  9.6714334404e-03  3.7120830730e-03  7.8610421620e-03  4.2872866234e-03  
2.5476714857e+00  2.5829571893e-02  9.7002239642e-04  -5.4655797909e-02  8.7260020105e-03  9.5424540649e-02  1.2057360301e-02  1.7299076901e-03  5.3999622959e-03  6.2105527917e-03  3.7582095396e-03  1.2196842374e-02  4.5568944237e-03  
2.6477173195e+00  1.9031906159e-02  7.4100874527e-04  -6.1818464455e-02  1.0822521498e-02  9.1827555958e-02  9.7652195639e-03  2.5833621725e-03  6.4140347332e-03  4.0596298873e-03  4.1587425544e-03  6.2860772252e-03  4.4301206284e-03  
2.7479597985e+00  1.3837454431e-02  5.8446224816e-04  -6.6742170737e-02  9.9955535577e-03  9.4450835308e-02  1.2763244452e-02  5.0314933593e-03  6.0759461798e-03  1.0662883195e-02  5.5285727508e-03  8.3289165563e-03  5.3238670901e-03  
2.8475563816e+00  9.9524597248e-03  4.3791109849e-04  -8.4393986831e-02  1.2144083061e-02  8.2268618420e-02  1.1662993947e-02  1.1773108357e-02  7.9873221540e-03  2.5521434948e-03  7.8107906721e-03  2.4426572384e-02  6.2992054265e-03  
2.9473818689e+00  7.3717296501e-03  3.3403828268e-04  -6.0496372688e-02  1.0783920282e-02  9.9001707202e-02  1.4456382765e-02  5.0993472671e-03  9.4547329916e-03  1.1734881534e-02  8.1822111141e-03  1.8403464367e-02  6.6815516595e-03  
