200 GeV
ntrk v2{2} stat-err sys-err
5 0.115953 0.000337775 0.0117679
6 0.111429 0.000272146 0.0113088
7 0.107323 0.000222081 0.0108921
8 0.104379 0.000182023 0.0105933
9 0.10139 0.000150403 0.0102899
10 0.0983121 0.000125635 0.00997759
11 0.0962111 0.00010587 0.00976436
12 0.0939111 9.03958e-05 0.00953093
13 0.0916079 7.81693e-05 0.00929718
14 0.0897945 6.84384e-05 0.00911315
15 0.0882415 6.06031e-05 0.00895553
16 0.0866559 5.44134e-05 0.00879462
17 0.085623 4.93146e-05 0.00868979
18 0.0845668 4.52706e-05 0.00858259
19 0.0836602 4.20112e-05 0.00849058
20 0.0828519 3.93955e-05 0.00840855
21 0.0823349 3.72793e-05 0.00835608
22 0.0818406 3.56458e-05 0.00830591
23 0.0812097 3.44248e-05 0.00824188
24 0.0808639 3.35132e-05 0.00820679
25 0.0805899 3.28981e-05 0.00817898
26 0.080248 3.25531e-05 0.00814429
27 0.0798453 3.24757e-05 0.00810342
28 0.0797023 3.26297e-05 0.0080889
29 0.0794821 3.29897e-05 0.00806655
30 0.0790652 3.36141e-05 0.00802424
31 0.0790067 3.44095e-05 0.0080183
32 0.0788249 3.54795e-05 0.00799986
33 0.0784735 3.6782e-05 0.00796419
34 0.0784412 3.8343e-05 0.00796091
35 0.0781688 4.01937e-05 0.00793327
36 0.0779413 4.22995e-05 0.00791017
37 0.0777923 4.47467e-05 0.00789506
38 0.077772 4.75078e-05 0.00789299
39 0.0776716 5.0731e-05 0.00788281
40 0.0771677 5.43808e-05 0.00783166
41 0.07677 5.85071e-05 0.0077913
42 0.0768298 6.30529e-05 0.00779738
43 0.0766494 6.83064e-05 0.00777906
44 0.0764901 7.42376e-05 0.0077629
45 0.0762911 8.08333e-05 0.00774271
46 0.0760168 8.84051e-05 0.00771486
47 0.0755987 9.71777e-05 0.00767243
48 0.0756053 0.000106428 0.0076731
49 0.0750242 0.000117178 0.00761413

200 GeV
ntrk v2{4} stat-err sys-err
10.5 0.0460281 0.0271834 0.00654182
12.5 0.0515766 0.00997123 0.00733041
14.5 0.045171 0.00877824 0.00642001
16.5 0.046952 0.00514773 0.00667314
18.5 0.0352511 0.00873623 0.00501013
20.5 0.0469245 0.00285011 0.00666922
22.5 0.0473196 0.00227918 0.00672537
24.5 0.0468522 0.00202954 0.00665895
26.5 0.0478062 0.00172316 0.00679453
28.5 0.0469683 0.00171583 0.00667545
30.5 0.0475824 0.00160415 0.00676272
32.5 0.0484783 0.00152652 0.00689006
34.5 0.0450774 0.00197124 0.0064067
36.5 0.0472277 0.00181066 0.00671232
38.5 0.0466879 0.00203255 0.0066356
40.5 0.0435623 0.00275602 0.00619136
42.5 0.0464971 0.00253707 0.00660849
44.5 0.0483304 0.00257 0.00686904
46.5 0.0440256 0.00395054 0.00625721
48.5 0.0515802 0.00282967 0.00733092

200 GeV
ntrk v2{6} stat-err sys-err
22 0.0457145 0.002332 0.00649726
27 0.041018 0.00130313 0.00582975
32 0.052072 0.00137382 0.00740082
37 0.0565444 0.00144407 0.00803647
42 0.0515556 0.00169273 0.00732743
47 0.0509867 0.00224535 0.00724656

200 GeV
ntrk v2{2,gap} stat-err sys-err
5 0.0378277 0.00124455 0.00759386
6 0.0333781 0.000965328 0.0067006
7 0.0325053 0.000735283 0.0065254
8 0.0347798 0.00054753 0.006982
9 0.0352681 0.00042774 0.00708003
10 0.0345603 0.000347359 0.00693793
11 0.0369127 0.000275119 0.00741018
12 0.0371214 0.000228601 0.00745206
13 0.0361579 0.000196066 0.00725865
14 0.0370986 0.000166622 0.00744748
15 0.0373637 0.00014501 0.0075007
16 0.0367772 0.000129589 0.00738298
17 0.0377693 0.000114822 0.00758214
18 0.0378989 0.000104298 0.00760815
19 0.038309 9.55166e-05 0.00769047
20 0.038527 8.87568e-05 0.00773423
21 0.0387965 8.3331e-05 0.00778835
22 0.0392791 7.88582e-05 0.00788523
23 0.0393712 7.56995e-05 0.00790371
24 0.0398083 7.3078e-05 0.00799147
25 0.0405541 7.08751e-05 0.00814119
26 0.040866 6.97128e-05 0.00820379
27 0.0406301 6.95597e-05 0.00815643
28 0.0415208 6.89946e-05 0.00833524
29 0.0418328 6.94127e-05 0.00839788
30 0.0416358 7.07035e-05 0.00835833
31 0.0423306 7.1784e-05 0.00849782
32 0.0427411 7.35764e-05 0.00858021
33 0.0426422 7.61821e-05 0.00856037
34 0.043074 7.90057e-05 0.00864704
35 0.0432854 8.24524e-05 0.00868948
36 0.0434733 8.65246e-05 0.00872721
37 0.0435966 9.13024e-05 0.00875196
38 0.044242 9.62693e-05 0.00888152
39 0.0446423 0.000102142 0.00896189
40 0.0441486 0.000109921 0.00886277
41 0.0438834 0.000118388 0.00880953
42 0.0444602 0.000126794 0.00892532
43 0.0448116 0.000136729 0.00899587
44 0.0456385 0.000146942 0.00916187
45 0.0456162 0.000159928 0.00915738
46 0.0445274 0.000177184 0.00893882
47 0.0450728 0.000192534 0.0090483
48 0.0463414 0.000208271 0.00930297
49 0.0448561 0.000232611 0.0090048

62 GeV
ntrk v2{2} stat-err sys-err
5 0.0814674 0.000429271 0.00826804
6 0.0795044 0.000317716 0.00806882
7 0.0768791 0.000245858 0.00780238
8 0.0743986 0.000197207 0.00755063
9 0.0728718 0.00016282 0.00739568
10 0.0725781 0.00013788 0.00736587
11 0.0719208 0.00012037 0.00729917
12 0.0717039 0.000107664 0.00727716
13 0.0709316 9.89611e-05 0.00719877
14 0.0705242 9.26922e-05 0.00715742
15 0.0704473 8.83892e-05 0.00714962
16 0.0701565 8.59529e-05 0.00712011
17 0.0698799 8.48799e-05 0.00709204
18 0.0697282 8.50292e-05 0.00707664
19 0.0692883 8.65049e-05 0.00703199
20 0.0691177 8.89883e-05 0.00701468
21 0.0692386 9.24503e-05 0.00702695
22 0.0688976 9.73704e-05 0.00699234
23 0.0692525 0.000103178 0.00702836
24 0.068712 0.0001107 0.0069735
25 0.0685857 0.000119847 0.00696069
26 0.0681624 0.00013089 0.00691773
27 0.0686143 0.000143354 0.00696359
28 0.0677727 0.000159248 0.00687818
29 0.0683539 0.000176556 0.00693717
30 0.0678298 0.000198969 0.00688397
31 0.0683534 0.000223148 0.00693712
32 0.0680403 0.000253888 0.00690534
33 0.0683182 0.000289816 0.00693354
34 0.067537 0.000332292 0.00685425
35 0.0681379 0.000382965 0.00691525
36 0.0659221 0.000445031 0.00669036
37 0.0659619 0.000516721 0.0066944

62 GeV
ntrk v2{4} stat-err sys-err
12 0.0573723 0.00607212 0.00815413
17 0.0550082 0.00325336 0.00781814
22 0.0459529 0.00465957 0.00653113
27 0.0396105 0.00866176 0.00562971
32 0.0386714 0.0141521 0.00549624
37 0.0413603 0.0204703 0.0058784

62 GeV
ntrk v2{2,gap} stat-err sys-err
6.5 0.0253099 0.000580914 0.00508093
8.5 0.0254665 0.000364375 0.00511236
10.5 0.0258282 0.000262257 0.00518498
12.5 0.0274733 0.000206358 0.00551522
14.5 0.0276118 0.000182879 0.00554302
16.5 0.0277772 0.000174448 0.00557623
18.5 0.029 0.000173615 0.00582172
20.5 0.0297956 0.000183488 0.00598142
22.5 0.0301318 0.000204376 0.00604892
24.5 0.0292681 0.000241045 0.00587553
26.5 0.0300339 0.000286483 0.00602927
28.5 0.0294231 0.000358179 0.00590664
30.5 0.0305804 0.000446275 0.00613897
32.5 0.0321511 0.000566948 0.00645428
34.5 0.0324868 0.000748087 0.00652168
36.5 0.0266018 0.00111688 0.00534028

39 GeV
ntrk v2{2} stat-err sys-err
5 0.0777386 0.000284388 0.00800368
6 0.0797614 0.000205162 0.00821194
7 0.0802631 0.000162801 0.0082636
8 0.0807941 0.00013795 0.00831826
9 0.0808432 0.000123249 0.00832332
10 0.0807999 0.000114797 0.00831886
11 0.0807334 0.000110607 0.00831201
12 0.0807678 0.000109804 0.00831555
13 0.0806133 0.000111678 0.00829965
14 0.0803552 0.000116215 0.00827307
15 0.0804491 0.000123156 0.00828274
16 0.080347 0.000132494 0.00827223
17 0.0808318 0.00014463 0.00832215
18 0.0800704 0.000161053 0.00824375
19 0.0800443 0.000180995 0.00824107
20 0.0795477 0.000205984 0.00818993
21 0.0786275 0.000237305 0.0080952
22 0.0795331 0.000274511 0.00818843
23 0.0801949 0.000320348 0.00825657
24 0.0796193 0.000378839 0.00819731
25 0.0803319 0.000451398 0.00827067
26 0.0795689 0.00054275 0.00819212
27 0.0801906 0.000654155 0.00825613

39 GeV
ntrk v2{4} stat-err sys-err
12 0.0630843 0.00668973 0.0090323
17 0.0639737 0.00529457 0.00915963
22 0.0650688 0.00722933 0.00931644
27 0.0698026 0.0118091 0.00999421

39 GeV
ntrk v2{2,gap} stat-err sys-err
6.5 0.0166936 0.000478447 0.00336367
8.5 0.019079 0.000337177 0.00384432
10.5 0.0204058 0.000293281 0.00411166
12.5 0.0211246 0.000293294 0.00425648
14.5 0.0215578 0.000322693 0.00434379
16.5 0.0241038 0.000363541 0.00485678
18.5 0.0245723 0.000454146 0.00495118
20.5 0.0239401 0.000606545 0.00482379
22.5 0.0262985 0.000796095 0.005299
24.5 0.0260646 0.0011427 0.00525187
26.5 0.0311954 0.00152703 0.0062857

20 GeV
ntrk v2{2} stat-err sys-err
5 0.0788714 0.000602667 0.00830962
6 0.0794529 0.000485454 0.00837088
7 0.0813211 0.000422016 0.00856771
8 0.0804023 0.000397009 0.0084709
9 0.0805289 0.000389296 0.00848424
10 0.0804906 0.000398334 0.00848021
11 0.0804946 0.00042062 0.00848063
12 0.0798172 0.000458518 0.00840927
13 0.0787614 0.000514701 0.00829803
14 0.0800495 0.000587088 0.00843373
15 0.0776172 0.000691945 0.00817748
16 0.0769796 0.000821575 0.00811031
17 0.0757996 0.000993963 0.00798599
18 0.0764595 0.00122507 0.0080555
19 0.0694428 0.00156701 0.00731625
20 0.0666575 0.00201604 0.00702281
21 0.0736483 0.00263614 0.00775933
22 0.071399 0.00329929 0.00752235

20 GeV
ntrk v2{4} stat-err sys-err
12 0.0737771 0.0267697 0.0106913
17 0.0807001 0.0246537 0.0116946

20 GeV
ntrk v2{2,gap} stat-err sys-err
7 0.0145154 0.000970772 0.00294272
12 0.0230673 0.000896685 0.00467646
17 0.0218042 0.00204457 0.00442039
22 0.0253024 0.00621074 0.00512959
