-----  v2 vs Npart  -------------------------------

=======AuAu200GeV 0.2-1.0 GeV========================
  Npart        v2      stat err   sys err
3.25e+02   2.57e-02   8.56e-05   6.29e-04
2.35e+02   4.47e-02   6.67e-05   1.48e-03
1.67e+02   5.90e-02   7.44e-05   2.51e-03
1.14e+02   6.81e-02   9.90e-05   2.89e-03
7.44e+01   7.25e-02   1.53e-04   2.40e-03
4.55e+01   7.22e-02   2.83e-04   2.40e-03
2.57e+01   6.55e-02   6.26e-04   2.80e-03
1.34e+01   5.78e-02   1.61e-03   5.92e-03

=======AuAu200GeV 1.0-2.0 GeV========================
  Npart        v2      stat err   sys err
3.25e+02   5.48e-02   1.94e-04   2.05e-03
2.35e+02   9.67e-02   1.51e-04   4.22e-03
1.67e+02   1.27e-01   1.70e-04   6.48e-03
1.14e+02   1.48e-01   2.30e-04   7.56e-03
7.44e+01   1.59e-01   3.65e-04   6.92e-03
4.55e+01   1.59e-01   6.98e-04   6.94e-03
2.57e+01   1.47e-01   1.62e-03   7.55e-03
1.34e+01   1.39e-01   4.45e-03   1.48e-02

=======AuAu200GeV 2.0-4.0 GeV========================
  Npart        v2      stat err   sys err
3.25e+02   7.78e-02   6.16e-04   2.33e-03
2.35e+02   1.36e-01   4.46e-04   5.11e-03
1.67e+02   1.79e-01   4.90e-04   8.19e-03
1.14e+02   2.06e-01   6.55e-04   9.42e-03
7.44e+01   2.14e-01   1.03e-03   8.02e-03
4.55e+01   2.05e-01   1.93e-03   7.67e-03
2.57e+01   1.82e-01   4.35e-03   8.39e-03
1.34e+01   1.66e-01   1.13e-02   1.73e-02

-----  v2/Ecce vs Npart  -------------------------------

=======AuAu200GeV 0.2-1.0 GeV========================
  Npart     v2/Ecce      stat err   sys err
3.25e+02   2.49e-01   8.31e-04   8.94e-03
2.35e+02   2.24e-01   3.34e-04   9.24e-03
1.67e+02   2.08e-01   2.62e-04   9.85e-03
1.14e+02   1.91e-01   2.78e-04   8.74e-03
7.44e+01   1.72e-01   3.64e-04   6.22e-03
4.55e+01   1.47e-01   5.76e-04   5.16e-03
2.57e+01   1.16e-01   1.10e-03   4.99e-03
1.34e+01   8.67e-02   2.42e-03   8.94e-03

=======AuAu200GeV 1.0-2.0 GeV========================
  Npart     v2/Ecce      stat err   sys err
3.25e+02   5.32e-01   1.88e-03   2.43e-02
2.35e+02   4.84e-01   7.56e-04   2.42e-02
1.67e+02   4.47e-01   5.97e-04   2.47e-02
1.14e+02   4.16e-01   6.44e-04   2.24e-02
7.44e+01   3.76e-01   8.66e-04   1.73e-02
4.55e+01   3.24e-01   1.42e-03   1.46e-02
2.57e+01   2.60e-01   2.86e-03   1.34e-02
1.34e+01   2.08e-01   6.67e-03   2.23e-02

=======AuAu200GeV 2.0-4.0 GeV========================
  Npart     v2/Ecce      stat err   sys err
3.25e+02   7.55e-01   5.98e-03   3.01e-02
2.35e+02   6.83e-01   2.23e-03   3.06e-02
1.67e+02   6.29e-01   1.73e-03   3.18e-02
1.14e+02   5.77e-01   1.84e-03   2.82e-02
7.44e+01   5.08e-01   2.44e-03   2.04e-02
4.55e+01   4.17e-01   3.94e-03   1.63e-02
2.57e+01   3.21e-01   7.67e-03   1.49e-02
1.34e+01   2.50e-01   1.69e-02   2.61e-02

-----  v2 vs Npart  -------------------------------

=======AuAu62.4GeV 0.2-1.0 GeV========================
  Npart        v2      stat err   sys err
3.21e+02   2.56e-02   5.57e-04   1.09e-03
2.31e+02   4.58e-02   4.49e-04   1.43e-03
1.63e+02   6.13e-02   5.53e-04   1.94e-03
1.13e+02   6.89e-02   7.85e-04   5.14e-03
7.45e+01   7.30e-02   1.39e-03   5.64e-03
4.59e+01   6.59e-02   2.84e-03   5.07e-03
2.59e+01   6.48e-02   7.29e-03   1.78e-02

=======AuAu62.4GeV 1.0-2.0 GeV========================
  Npart        v2      stat err   sys err
3.21e+02   5.48e-02   1.23e-03   3.00e-03
2.31e+02   9.85e-02   9.90e-04   4.60e-03
1.63e+02   1.32e-01   1.23e-03   6.21e-03
1.13e+02   1.47e-01   1.79e-03   1.21e-02
7.45e+01   1.60e-01   3.28e-03   1.35e-02
4.59e+01   1.45e-01   7.04e-03   1.22e-02
2.59e+01   1.50e-01   1.93e-02   4.15e-02

=======AuAu62.4GeV 2.0-4.0 GeV========================
  Npart        v2      stat err   sys err
3.21e+02   7.44e-02   4.51e-03   4.58e-03
2.31e+02   1.47e-01   3.57e-03   8.03e-03
1.63e+02   1.92e-01   4.43e-03   1.05e-02
1.13e+02   2.08e-01   6.46e-03   1.81e-02
7.45e+01   2.09e-01   1.20e-02   1.87e-02
4.59e+01   1.70e-01   2.65e-02   1.51e-02
2.59e+01   1.66e-01   7.48e-02   4.61e-02

-----  v2/Ecce vs Npart  -------------------------------

=======AuAu62.4GeV 0.2-1.0 GeV========================
  Npart     v2/Ecce      stat err   sys err
3.21e+02   2.40e-01   5.23e-03   1.16e-02
2.31e+02   2.22e-01   2.17e-03   8.45e-03
1.63e+02   2.10e-01   1.89e-03   7.87e-03
1.13e+02   1.89e-01   2.15e-03   1.45e-02
7.45e+01   1.70e-01   3.23e-03   1.33e-02
4.59e+01   1.32e-01   5.72e-03   1.03e-02
2.59e+01   1.13e-01   1.27e-02   3.10e-02

=======AuAu62.4GeV 1.0-2.0 GeV========================
  Npart     v2/Ecce      stat err   sys err
3.21e+02   5.14e-01   1.16e-02   3.06e-02
2.31e+02   4.77e-01   4.79e-03   2.46e-02
1.63e+02   4.53e-01   4.21e-03   2.31e-02
1.13e+02   4.03e-01   4.89e-03   3.39e-02
7.45e+01   3.71e-01   7.62e-03   3.18e-02
4.59e+01   2.91e-01   1.42e-02   2.47e-02
2.59e+01   2.62e-01   3.37e-02   7.24e-02

=======AuAu62.4GeV 2.0-4.0 GeV========================
  Npart     v2/Ecce      stat err   sys err
3.21e+02   6.98e-01   4.23e-02   4.61e-02
2.31e+02   7.11e-01   1.73e-02   4.18e-02
1.63e+02   6.57e-01   1.51e-02   3.84e-02
1.13e+02   5.68e-01   1.77e-02   5.05e-02
7.45e+01   4.86e-01   2.79e-02   4.39e-02
4.59e+01   3.42e-01   5.33e-02   3.06e-02
2.59e+01   2.90e-01   1.30e-01   8.05e-02

-----  v2 vs Npart  -------------------------------

=======CuCu200GeV 0.2-1.0 GeV========================
  Npart        v2      stat err   sys err
9.82e+01   3.42e-02   5.38e-04   1.50e-03
7.36e+01   4.15e-02   5.53e-04   1.56e-03
5.30e+01   4.83e-02   6.78e-04   1.82e-03
3.73e+01   5.11e-02   9.22e-04   1.93e-03
2.54e+01   5.07e-02   1.45e-03   1.94e-03

=======CuCu200GeV 1.0-2.0 GeV========================
  Npart        v2      stat err   sys err
9.82e+01   6.94e-02   9.74e-04   2.62e-03
7.36e+01   8.67e-02   1.00e-03   2.62e-03
5.30e+01   1.03e-01   1.24e-03   3.11e-03
3.73e+01   1.07e-01   1.71e-03   3.25e-03
2.54e+01   1.14e-01   2.74e-03   3.53e-03

=======CuCu200GeV 2.0-4.0 GeV========================
  Npart        v2      stat err   sys err
9.82e+01   9.94e-02   3.57e-03   4.36e-03
7.36e+01   1.25e-01   3.64e-03   4.72e-03
5.30e+01   1.43e-01   4.47e-03   5.40e-03
3.73e+01   1.50e-01   6.15e-03   5.68e-03
2.54e+01   1.58e-01   9.91e-03   6.06e-03

-----  v2/Ecce vs Npart  -------------------------------

=======CuCu200GeV 0.2-1.0 GeV========================
  Npart     v2/Ecce      stat err   sys err
9.82e+01   2.09e-01   3.30e-03   2.22e-02
7.36e+01   1.72e-01   2.29e-03   3.05e-02
5.30e+01   1.52e-01   2.14e-03   1.98e-02
3.73e+01   1.28e-01   2.30e-03   1.96e-02
2.54e+01   1.05e-01   3.00e-03   1.62e-02

=======CuCu200GeV 1.0-2.0 GeV========================
  Npart     v2/Ecce      stat err   sys err
9.82e+01   4.25e-01   5.96e-03   2.58e-02
7.36e+01   3.59e-01   4.16e-03   3.18e-02
5.30e+01   3.24e-01   3.91e-03   2.13e-02
3.73e+01   2.66e-01   4.27e-03   2.06e-02
2.54e+01   2.35e-01   5.66e-03   1.73e-02

=======CuCu200GeV 2.0-4.0 GeV========================
  Npart     v2/Ecce      stat err   sys err
9.82e+01   6.09e-01   2.19e-02   3.35e-02
7.36e+01   5.20e-01   1.51e-02   3.57e-02
5.30e+01   4.52e-01   1.41e-02   2.54e-02
3.73e+01   3.75e-01   1.53e-02   2.37e-02
2.54e+01   3.27e-01   2.05e-02   2.01e-02

-----  v2 vs Npart  -------------------------------

=======CuCu62GeV 0.2-1.0 GeV========================
  Npart        v2      stat err   sys err
9.33e+01   2.91e-02   8.42e-04   4.46e-03
7.11e+01   3.52e-02   7.51e-04   3.57e-03
5.13e+01   3.91e-02   9.12e-04   2.99e-03
3.62e+01   3.75e-02   1.19e-03   2.03e-03
2.49e+01   3.90e-02   1.80e-03   2.73e-03
1.61e+01   3.33e-02   2.50e-03   3.03e-03

=======CuCu62GeV 1.0-2.0 GeV========================
  Npart        v2      stat err   sys err
9.33e+01   6.41e-02   1.91e-03   9.64e-03
7.11e+01   7.34e-02   1.71e-03   7.13e-03
5.13e+01   8.71e-02   2.10e-03   6.19e-03
3.62e+01   8.65e-02   2.81e-03   3.99e-03
2.49e+01   8.23e-02   4.35e-03   5.27e-03
1.61e+01   6.68e-02   6.23e-03   5.78e-03

=======CuCu62GeV 2.0-4.0 GeV========================
  Npart        v2      stat err   sys err
9.33e+01   8.61e-02   7.11e-03   1.32e-02
7.11e+01   9.71e-02   6.30e-03   9.82e-03
5.13e+01   1.18e-01   7.73e-03   9.07e-03
3.62e+01   1.31e-01   1.03e-02   7.09e-03
2.49e+01   9.32e-02   1.61e-02   6.53e-03
1.61e+01   1.15e-01   2.34e-02   1.05e-02

-----  v2/Ecce vs Npart  -------------------------------

=======CuCu62GeV 0.2-1.0 GeV========================
  Npart     v2/Ecce      stat err   sys err
9.33e+01   1.72e-01   4.97e-03   2.65e-02
7.11e+01   1.42e-01   3.02e-03   1.48e-02
5.13e+01   1.21e-01   2.82e-03   9.53e-03
3.62e+01   9.19e-02   2.93e-03   5.17e-03
2.49e+01   7.89e-02   3.65e-03   5.78e-03
1.61e+01   5.68e-02   4.27e-03   5.24e-03

=======CuCu62GeV 1.0-2.0 GeV========================
  Npart     v2/Ecce      stat err   sys err
9.33e+01   3.79e-01   1.13e-02   5.73e-02
7.11e+01   2.96e-01   6.88e-03   2.97e-02
5.13e+01   2.69e-01   6.50e-03   1.98e-02
3.62e+01   2.12e-01   6.89e-03   1.03e-02
2.49e+01   1.66e-01   8.80e-03   1.12e-02
1.61e+01   1.14e-01   1.06e-02   9.99e-03

=======CuCu62GeV 2.0-4.0 GeV========================
  Npart     v2/Ecce      stat err   sys err
9.33e+01   5.08e-01   4.20e-02   7.83e-02
7.11e+01   3.91e-01   2.54e-02   4.08e-02
5.13e+01   3.66e-01   2.39e-02   2.89e-02
3.62e+01   3.22e-01   2.54e-02   1.81e-02
2.49e+01   1.89e-01   3.26e-02   1.38e-02
1.61e+01   1.96e-01   3.99e-02   1.81e-02

