-----------------v2 vs. pt -------------------------
 
=======(a) 200GeV pi 0-10%========================
  pt         v2       stat err   sys err
2.59e-01   7.70e-03   1.96e-03   3.27e-04
3.52e-01   1.83e-02   1.51e-03   7.76e-04
4.49e-01   2.01e-02   1.48e-03   8.55e-04
5.48e-01   2.62e-02   1.59e-03   1.11e-03
6.48e-01   3.41e-02   1.77e-03   1.45e-03
7.48e-01   3.55e-02   2.03e-03   1.50e-03
8.90e-01   4.17e-02   1.78e-03   1.77e-03
1.09e+00   6.25e-02   5.54e-03   2.65e-03
1.44e+00   6.94e-02   5.50e-03   2.95e-03
2.20e+00   1.00e-01   2.53e-02   5.76e-03

=======(b) 200GeV pi 10-20%========================
  pt         v2       stat err   sys err
2.60e-01   2.00e-02   1.60e-03   6.27e-04
3.52e-01   3.00e-02   1.23e-03   9.39e-04
4.49e-01   3.95e-02   1.20e-03   1.24e-03
5.48e-01   4.96e-02   1.29e-03   1.55e-03
6.48e-01   6.09e-02   1.44e-03   1.91e-03
7.48e-01   6.62e-02   1.65e-03   2.07e-03
8.90e-01   7.91e-02   1.45e-03   2.48e-03
1.09e+00   1.02e-01   4.49e-03   3.20e-03
1.44e+00   1.07e-01   4.43e-03   3.35e-03
2.20e+00   1.27e-01   2.05e-02   6.32e-03

=======(c) 200GeV pi 20-30%========================
  pt         v2       stat err   sys err
2.59e-01   2.72e-02   1.96e-03   8.60e-04
3.52e-01   3.83e-02   1.51e-03   1.21e-03
4.49e-01   5.28e-02   1.48e-03   1.67e-03
5.48e-01   6.58e-02   1.60e-03   2.08e-03
6.48e-01   7.89e-02   1.79e-03   2.50e-03
7.48e-01   9.05e-02   2.04e-03   2.86e-03
8.90e-01   1.05e-01   1.79e-03   3.31e-03
1.09e+00   1.28e-01   5.57e-03   4.04e-03
1.44e+00   1.55e-01   5.47e-03   4.91e-03
2.20e+00   1.87e-01   2.53e-02   9.34e-03

=======(d) 200GeV pi 30-40%========================
  pt         v2       stat err   sys err
2.59e-01   3.30e-02   2.76e-03   2.46e-03
3.51e-01   3.97e-02   2.14e-03   2.97e-03
4.49e-01   5.59e-02   2.11e-03   4.17e-03
5.48e-01   7.13e-02   2.28e-03   5.32e-03
6.48e-01   9.11e-02   2.55e-03   6.80e-03
7.48e-01   9.78e-02   2.92e-03   7.30e-03
8.90e-01   1.17e-01   2.57e-03   8.73e-03
1.09e+00   1.21e-01   8.04e-03   9.04e-03
1.44e+00   1.63e-01   7.90e-03   1.21e-02
2.20e+00   2.09e-01   3.70e-02   1.76e-02

=======(e) 200GeV pi 40-50%========================
  pt         v2       stat err   sys err
2.59e-01   3.05e-02   4.83e-03   1.83e-03
3.51e-01   5.00e-02   3.75e-03   2.99e-03
4.49e-01   6.32e-02   3.72e-03   3.78e-03
5.48e-01   8.00e-02   4.03e-03   4.78e-03
6.48e-01   9.45e-02   4.55e-03   5.65e-03
7.48e-01   1.08e-01   5.21e-03   6.46e-03
8.89e-01   1.30e-01   4.60e-03   7.76e-03
1.09e+00   1.46e-01   1.45e-02   8.75e-03
1.44e+00   1.83e-01   1.44e-02   1.09e-02
2.20e+00   2.80e-01   6.73e-02   1.99e-02

=======(a) 200GeV k 0-10%========================
  pt         v2       stat err   sys err
4.26e-01   1.05e-02   7.37e-03   5.76e-04
6.06e-01   1.81e-02   4.88e-03   9.93e-04
7.50e-01   2.41e-02   6.32e-03   1.32e-03
8.98e-01   3.68e-02   4.60e-03   2.02e-03
1.09e+00   5.03e-02   5.46e-03   2.75e-03
1.47e+00   4.66e-02   1.03e-02   2.55e-03
2.22e+00   1.07e-01   3.72e-02   7.15e-03

=======(b) 200GeV k 10-20%========================
  pt         v2       stat err   sys err
4.28e-01   1.93e-02   6.10e-03   9.01e-04
6.06e-01   3.30e-02   4.00e-03   1.54e-03
7.50e-01   5.11e-02   5.20e-03   2.39e-03
8.98e-01   6.15e-02   3.78e-03   2.87e-03
1.09e+00   8.40e-02   4.47e-03   3.92e-03
1.48e+00   9.53e-02   8.37e-03   4.45e-03
2.22e+00   1.67e-01   2.96e-02   1.01e-02

=======(c) 200GeV k 20-30%========================
  pt         v2       stat err   sys err
4.29e-01   1.69e-02   7.60e-03   7.91e-04
6.06e-01   5.44e-02   4.96e-03   2.55e-03
7.50e-01   6.65e-02   6.47e-03   3.12e-03
8.97e-01   8.56e-02   4.74e-03   4.02e-03
1.09e+00   1.04e-01   5.62e-03   4.88e-03
1.48e+00   1.44e-01   1.06e-02   6.73e-03
2.22e+00   1.61e-01   3.68e-02   9.80e-03

=======(d) 200GeV k 30-40%========================
  pt         v2       stat err   sys err
4.29e-01   3.13e-02   1.09e-02   2.57e-03
6.06e-01   5.72e-02   7.15e-03   4.70e-03
7.50e-01   7.25e-02   9.37e-03   5.96e-03
8.97e-01   9.57e-02   6.91e-03   7.87e-03
1.09e+00   1.18e-01   8.22e-03   9.67e-03
1.48e+00   1.26e-01   1.55e-02   1.04e-02
2.23e+00   1.61e-01   5.28e-02   1.46e-02

=======(e) 200GeV k 40-50%========================
  pt         v2       stat err   sys err
4.30e-01   4.64e-02   1.94e-02   3.21e-03
6.05e-01   5.90e-02   1.28e-02   4.08e-03
7.50e-01   8.42e-02   1.70e-02   5.82e-03
8.97e-01   1.21e-01   1.27e-02   8.35e-03
1.09e+00   1.66e-01   1.51e-02   1.14e-02
1.48e+00   1.54e-01   2.89e-02   1.06e-02
2.22e+00   2.20e-01   9.77e-02   1.74e-02

=======(a) 200GeV p 0-10%========================
  pt         v2       stat err   sys err
6.14e-01   9.31e-03   5.29e-03   6.59e-04
7.51e-01   1.18e-02   6.24e-03   8.32e-04
8.99e-01   2.39e-02   4.31e-03   1.69e-03
1.10e+00   3.62e-02   4.55e-03   2.56e-03
1.49e+00   5.81e-02   7.49e-03   4.11e-03
2.36e+00   1.10e-01   1.84e-02   8.83e-03

=======(b) 200GeV p 10-20%========================
  pt         v2       stat err   sys err
6.14e-01   1.94e-02   4.20e-03   1.25e-03
7.51e-01   4.00e-02   4.98e-03   2.59e-03
8.99e-01   5.20e-02   3.46e-03   3.36e-03
1.10e+00   6.87e-02   3.68e-03   4.44e-03
1.49e+00   1.07e-01   6.16e-03   6.93e-03
2.36e+00   1.74e-01   1.51e-02   1.31e-02

=======(c) 200GeV p 20-30%========================
  pt         v2       stat err   sys err
6.14e-01   2.30e-02   5.03e-03   1.49e-03
7.51e-01   4.01e-02   6.01e-03   2.60e-03
8.99e-01   6.57e-02   4.22e-03   4.26e-03
1.10e+00   1.00e-01   4.55e-03   6.51e-03
1.49e+00   1.47e-01   7.78e-03   9.53e-03
2.37e+00   1.89e-01   1.92e-02   1.43e-02

=======(d) 200GeV p 30-40%========================
  pt         v2       stat err   sys err
6.13e-01   2.76e-02   6.96e-03   2.59e-03
7.51e-01   6.46e-02   8.42e-03   6.05e-03
8.98e-01   8.03e-02   5.98e-03   7.52e-03
1.10e+00   1.02e-01   6.56e-03   9.56e-03
1.49e+00   1.79e-01   1.15e-02   1.68e-02
2.36e+00   1.73e-01   2.90e-02   1.75e-02

=======(e) 200GeV p 40-50%========================
  pt         v2       stat err   sys err
6.12e-01   4.14e-02   1.20e-02   3.41e-03
7.50e-01   9.18e-02   1.47e-02   7.56e-03
8.97e-01   1.03e-01   1.06e-02   8.45e-03
1.10e+00   1.01e-01   1.19e-02   8.27e-03
1.48e+00   1.62e-01   2.15e-02   1.34e-02
2.36e+00   2.79e-01   5.52e-02   2.54e-02

