-----  v2 vs. pt  ------------------------------

=======(a) 62.4GeV pi 0-10 %========================
  pt        v2      stat err   sys err
2.59e-01   7.70e-03   1.96e-03   3.27e-04
3.52e-01   1.83e-02   1.51e-03   7.76e-04
4.49e-01   2.01e-02   1.48e-03   8.55e-04
5.48e-01   2.62e-02   1.59e-03   1.11e-03
6.48e-01   3.41e-02   1.77e-03   1.45e-03
7.48e-01   3.55e-02   2.03e-03   1.50e-03
8.90e-01   4.17e-02   1.78e-03   1.77e-03
1.09e+00   6.25e-02   5.54e-03   2.65e-03
1.44e+00   6.94e-02   5.50e-03   2.95e-03
2.20e+00   1.00e-01   2.53e-02   5.76e-03

=======(a) 62.4GeV pi 10-20 %========================
  pt        v2      stat err   sys err
2.60e-01   2.00e-02   1.60e-03   6.27e-04
3.52e-01   3.00e-02   1.23e-03   9.39e-04
4.49e-01   3.95e-02   1.20e-03   1.24e-03
5.48e-01   4.96e-02   1.29e-03   1.55e-03
6.48e-01   6.09e-02   1.44e-03   1.91e-03
7.48e-01   6.62e-02   1.65e-03   2.07e-03
8.90e-01   7.91e-02   1.45e-03   2.48e-03
1.09e+00   1.02e-01   4.49e-03   3.20e-03
1.44e+00   1.07e-01   4.43e-03   3.35e-03
2.20e+00   1.27e-01   2.05e-02   6.32e-03

=======(a) 62.4GeV pi 20-30 %========================
  pt        v2      stat err   sys err
2.59e-01   2.72e-02   1.96e-03   8.60e-04
3.52e-01   3.83e-02   1.51e-03   1.21e-03
4.49e-01   5.28e-02   1.48e-03   1.67e-03
5.48e-01   6.58e-02   1.60e-03   2.08e-03
6.48e-01   7.89e-02   1.79e-03   2.50e-03
7.48e-01   9.05e-02   2.04e-03   2.86e-03
8.90e-01   1.05e-01   1.79e-03   3.31e-03
1.09e+00   1.28e-01   5.57e-03   4.04e-03
1.44e+00   1.55e-01   5.47e-03   4.91e-03
2.20e+00   1.87e-01   2.53e-02   9.34e-03

=======(b) 62.4GeV k 0-10 %========================
  pt        v2      stat err   sys err
4.26e-01   1.05e-02   7.37e-03   5.76e-04
6.06e-01   1.81e-02   4.88e-03   9.93e-04
7.50e-01   2.41e-02   6.32e-03   1.32e-03
8.98e-01   3.68e-02   4.60e-03   2.02e-03
1.09e+00   5.03e-02   5.46e-03   2.75e-03
1.47e+00   4.66e-02   1.03e-02   2.55e-03
2.22e+00   1.07e-01   3.72e-02   7.15e-03

=======(b) 62.4GeV k 10-20 %========================
  pt        v2      stat err   sys err
4.28e-01   1.93e-02   6.10e-03   9.01e-04
6.06e-01   3.30e-02   4.00e-03   1.54e-03
7.50e-01   5.11e-02   5.20e-03   2.39e-03
8.98e-01   6.15e-02   3.78e-03   2.87e-03
1.09e+00   8.40e-02   4.47e-03   3.92e-03
1.48e+00   9.53e-02   8.37e-03   4.45e-03
2.22e+00   1.67e-01   2.96e-02   1.01e-02

=======(b) 62.4GeV k 20-30 %========================
  pt        v2      stat err   sys err
4.29e-01   1.69e-02   7.60e-03   7.91e-04
6.06e-01   5.44e-02   4.96e-03   2.55e-03
7.50e-01   6.65e-02   6.47e-03   3.12e-03
8.97e-01   8.56e-02   4.74e-03   4.02e-03
1.09e+00   1.04e-01   5.62e-03   4.88e-03
1.48e+00   1.44e-01   1.06e-02   6.73e-03
2.22e+00   1.61e-01   3.68e-02   9.80e-03

=======(c) 62.4GeV p 0-10 %========================
  pt        v2      stat err   sys err
6.14e-01   9.31e-03   5.29e-03   6.59e-04
7.51e-01   1.18e-02   6.24e-03   8.32e-04
8.99e-01   2.39e-02   4.31e-03   1.69e-03
1.10e+00   3.62e-02   4.55e-03   2.56e-03
1.49e+00   5.81e-02   7.49e-03   4.11e-03
2.36e+00   1.10e-01   1.84e-02   8.83e-03

=======(c) 62.4GeV p 10-20 %========================
  pt        v2      stat err   sys err
6.14e-01   1.94e-02   4.20e-03   1.25e-03
7.51e-01   4.00e-02   4.98e-03   2.59e-03
8.99e-01   5.20e-02   3.46e-03   3.36e-03
1.10e+00   6.87e-02   3.68e-03   4.44e-03
1.49e+00   1.07e-01   6.16e-03   6.93e-03
2.36e+00   1.74e-01   1.51e-02   1.31e-02

=======(c) 62.4GeV p 20-30 %========================
  pt        v2      stat err   sys err
6.14e-01   2.30e-02   5.03e-03   1.49e-03
7.51e-01   4.01e-02   6.01e-03   2.60e-03
8.99e-01   6.57e-02   4.22e-03   4.26e-03
1.10e+00   1.00e-01   4.55e-03   6.51e-03
1.49e+00   1.47e-01   7.78e-03   9.53e-03
2.37e+00   1.89e-01   1.92e-02   1.43e-02

