-----  v2 vs. pt  -------------------------------

(a)
=======62GeV 10-20%========================
  pt         v2       stat err   sys err
3.49e-01   2.56e-02   1.10e-03   3.08e-03
4.48e-01   3.62e-02   1.18e-03   4.36e-03
5.93e-01   4.55e-02   9.73e-04   5.47e-03
7.92e-01   6.09e-02   1.23e-03   7.33e-03
1.03e+00   7.66e-02   1.35e-03   9.22e-03
1.37e+00   9.51e-02   1.77e-03   1.14e-02
1.77e+00   1.10e-01   2.88e-03   1.33e-02
2.32e+00   1.24e-01   3.84e-03   1.50e-02
3.35e+00   1.34e-01   1.14e-02   1.61e-02

(b)
=======62GeV 20-30%========================
  pt         v2       stat err   sys err
3.49e-01   2.84e-02   1.35e-03   3.41e-03
4.48e-01   3.93e-02   1.44e-03   4.71e-03
5.93e-01   5.55e-02   1.19e-03   6.66e-03
7.92e-01   7.15e-02   1.51e-03   8.58e-03
1.03e+00   9.11e-02   1.66e-03   1.09e-02
1.37e+00   1.11e-01   2.19e-03   1.33e-02
1.77e+00   1.35e-01   3.57e-03   1.62e-02
2.32e+00   1.43e-01   4.72e-03   1.72e-02
3.35e+00   1.46e-01   1.38e-02   1.75e-02

(c)
=======62GeV 40-50%========================
  pt         v2       stat err   sys err
3.49e-01   3.27e-02   2.85e-03   5.50e-03
4.48e-01   4.68e-02   3.07e-03   7.88e-03
5.93e-01   5.42e-02   2.56e-03   9.13e-03
7.92e-01   7.27e-02   3.27e-03   1.22e-02
1.03e+00   9.98e-02   3.65e-03   1.68e-02
1.37e+00   1.26e-01   4.87e-03   2.13e-02
1.77e+00   1.46e-01   7.97e-03   2.46e-02
2.32e+00   1.58e-01   1.05e-02   2.66e-02
3.35e+00   1.60e-01   3.00e-02   2.70e-02

