-----  v2/nq vs KET/nq  -------------------------------

======= pi minus ======================
KET/nq     v2/nq      Error
7.74e-02   1.23e-02   1.24e-03
1.19e-01   1.72e-02   1.41e-03
1.66e-01   2.33e-02   1.81e-03
2.13e-01   2.95e-02   2.24e-03
2.62e-01   3.69e-02   2.78e-03
3.11e-01   3.88e-02   2.94e-03
3.81e-01   4.67e-02   3.46e-03
4.79e-01   5.47e-02   4.63e-03
6.57e-01   6.51e-02   5.27e-03
1.03e+00   8.07e-02   1.21e-02

======= k minus ======================
KET/nq     v2/nq      Error
7.97e-02   9.44e-03   3.73e-03
1.44e-01   2.10e-02   4.81e-03
2.02e-01   3.20e-02   7.15e-03
2.65e-01   3.57e-02   7.65e-03
3.51e-01   4.46e-02   9.52e-03
5.32e-01   5.58e-02   1.25e-02
8.89e-01   9.90e-02   2.63e-02

======= p minus ======================
KET/nq     v2/nq      Error
6.04e-02   5.06e-03   2.01e-03
8.78e-02   1.54e-02   3.77e-03
1.20e-01   1.91e-02   4.15e-03
1.68e-01   2.74e-02   5.79e-03
2.75e-01   4.44e-02   9.49e-03
5.37e-01   5.73e-02   1.36e-02

======= pi plus ======================
KET/nq     v2/nq      Error
7.76e-02   1.27e-02   1.02e-03
1.19e-01   1.74e-02   1.10e-03
1.65e-01   2.38e-02   1.40e-03
2.13e-01   2.97e-02   1.72e-03
2.62e-01   3.60e-02   2.06e-03
3.10e-01   4.16e-02   2.38e-03
3.81e-01   4.83e-02   2.69e-03
4.79e-01   5.92e-02   3.86e-03
6.55e-01   6.84e-02   4.27e-03
1.03e+00   8.18e-02   1.11e-02

======= k plus ======================
KET/nq     v2/nq      Error
8.04e-02   1.14e-02   3.18e-03
1.44e-01   2.37e-02   2.81e-03
2.02e-01   2.85e-02   3.51e-03
2.65e-01   3.99e-02   3.83e-03
3.51e-01   5.18e-02   4.87e-03
5.31e-01   6.00e-02   6.39e-03
8.90e-01   6.99e-02   1.50e-02

======= p plus ======================
KET/nq     v2/nq      Error
6.13e-02   8.62e-03   1.44e-03
8.78e-02   1.50e-02   1.98e-03
1.20e-01   2.16e-02   2.23e-03
1.68e-01   2.91e-02   2.90e-03
2.74e-01   4.46e-02   4.49e-03
5.34e-01   6.04e-02   7.09e-03

