Figure 7
See Figure 6 for 200GeV

=======62GeV 0~10%========================
pT         v2         stat err   sys err
7.34e-01   3.27e-02   8.00e-04   2.38e-03
1.23e+00   5.17e-02   1.52e-03   3.69e-03
1.72e+00   6.73e-02   3.39e-03   4.87e-03
2.22e+00   7.43e-02   7.48e-03   5.32e-03
2.72e+00   1.04e-01   1.57e-02   1.06e-02
3.53e+00   8.80e-02   2.65e-02   1.06e-02

=======62GeV 10~20%========================
pT         v2         stat err   sys err
7.34e-01   5.85e-02   6.46e-04   4.11e-03
1.23e+00   9.19e-02   1.23e-03   7.16e-03
1.72e+00   1.21e-01   2.76e-03   8.57e-03
2.22e+00   1.53e-01   6.04e-03   1.19e-02
2.72e+00   1.44e-01   1.24e-02   1.03e-02
3.54e+00   1.45e-01   2.06e-02   1.02e-02

=======62GeV 20~30%========================
pT         v2         stat err   sys err
7.34e-01   7.95e-02   7.97e-04   5.68e-03
1.23e+00   1.23e-01   1.53e-03   8.82e-03
1.72e+00   1.66e-01   3.47e-03   1.25e-02
2.22e+00   1.92e-01   7.57e-03   1.40e-02
2.72e+00   2.15e-01   1.54e-02   1.67e-02
3.54e+00   1.80e-01   2.53e-02   1.27e-02

=======62GeV 30~40%========================
pT         v2         stat err   sys err
7.33e-01   9.17e-02   1.14e-03   6.49e-03
1.23e+00   1.40e-01   2.23e-03   1.03e-02
1.72e+00   1.77e-01   5.09e-03   1.25e-02
2.22e+00   1.92e-01   1.11e-02   1.62e-02
2.72e+00   2.08e-01   2.25e-02   1.56e-02
3.55e+00   2.52e-01   3.62e-02   3.41e-02

=======62GeV 40~50%========================
pT         v2         stat err   sys err
7.33e-01   9.92e-02   2.03e-03   7.29e-03
1.23e+00   1.56e-01   4.07e-03   1.31e-02
1.72e+00   1.85e-01   9.51e-03   1.37e-02
2.22e+00   2.06e-01   2.08e-02   1.58e-02
2.72e+00   1.89e-01   4.17e-02   1.81e-02
3.39e+00   2.17e-02   6.97e-02   6.10e-02

=======62GeV 0~20%========================
pT         v2         stat err   sys err
7.34e-01   4.35e-02   5.39e-04   3.09e-03
1.23e+00   6.84e-02   1.03e-03   5.09e-03
1.72e+00   8.95e-02   2.29e-03   6.38e-03
2.22e+00   1.07e-01   5.04e-03   7.91e-03
2.72e+00   1.21e-01   1.04e-02   9.93e-03
3.38e+00   1.04e-01   1.82e-02   7.45e-03
4.60e+00   1.55e-01   5.66e-02   1.10e-02

=======62GeV 20~40%========================
pT         v2         stat err   sys err
7.34e-01   8.43e-02   6.58e-04   5.99e-03
1.23e+00   1.30e-01   1.27e-03   9.38e-03
1.72e+00   1.70e-01   2.89e-03   1.24e-02
2.22e+00   1.92e-01   6.31e-03   1.36e-02
2.72e+00   2.12e-01   1.28e-02   1.51e-02
3.39e+00   1.98e-01   2.19e-02   2.07e-02
4.61e+00   2.79e-01   6.62e-02   7.36e-02

=======62GeV 40~60%========================
pT         v2         stat err   sys err
7.32e-01   9.44e-02   1.98e-03   7.14e-03
1.23e+00   1.48e-01   3.98e-03   1.19e-02
1.72e+00   1.79e-01   9.30e-03   1.39e-02
2.22e+00   1.97e-01   2.04e-02   1.48e-02
2.72e+00   1.58e-01   4.10e-02   1.72e-02
3.39e+00   1.61e-01   6.86e-02   6.38e-02

=======62GeV MinimumBias==================
pT         v2         stat err   sys err
7.34e-01   6.09e-02   4.90e-04   6.67e-03
1.23e+00   9.38e-02   9.11e-04   1.06e-02
1.72e+00   1.21e-01   2.01e-03   1.32e-02
2.22e+00   1.40e-01   4.38e-03   1.54e-02
2.72e+00   1.51e-01   9.03e-03   1.65e-02
3.38e+00   1.24e-01   1.57e-02   2.07e-02
4.61e+00   1.94e-01   4.81e-02   3.75e-02

