-----  v2 vs pt  -------------------------------

=======CuCu200GeV 0-10 %========================
  pt        v2      stat err   sys err
3.49e-01   2.05e-02   1.07e-03   2.84e-03
4.48e-01   2.77e-02   1.15e-03   3.84e-03
5.93e-01   3.81e-02   9.47e-04   5.29e-03
7.92e-01   5.19e-02   1.19e-03   7.20e-03
1.03e+00   6.08e-02   1.31e-03   8.43e-03
1.37e+00   7.69e-02   1.71e-03   1.07e-02
1.77e+00   8.90e-02   2.80e-03   1.23e-02
2.32e+00   9.82e-02   3.76e-03   1.36e-02
3.35e+00   1.11e-01   1.15e-02   1.54e-02

=======CuCu200GeV 10-20 %========================
  pt        v2      stat err   sys err
3.49e-01   2.56e-02   1.10e-03   3.08e-03
4.48e-01   3.62e-02   1.18e-03   4.36e-03
5.93e-01   4.55e-02   9.73e-04   5.47e-03
7.92e-01   6.09e-02   1.23e-03   7.33e-03
1.03e+00   7.66e-02   1.35e-03   9.22e-03
1.37e+00   9.51e-02   1.77e-03   1.14e-02
1.77e+00   1.10e-01   2.88e-03   1.33e-02
2.32e+00   1.24e-01   3.84e-03   1.50e-02
3.35e+00   1.34e-01   1.14e-02   1.61e-02

=======CuCu200GeV 20-30 %========================
  pt        v2      stat err   sys err
3.49e-01   2.84e-02   1.35e-03   3.41e-03
4.48e-01   3.93e-02   1.44e-03   4.71e-03
5.93e-01   5.55e-02   1.19e-03   6.66e-03
7.92e-01   7.15e-02   1.51e-03   8.58e-03
1.03e+00   9.11e-02   1.66e-03   1.09e-02
1.37e+00   1.11e-01   2.19e-03   1.33e-02
1.77e+00   1.35e-01   3.57e-03   1.62e-02
2.32e+00   1.43e-01   4.72e-03   1.72e-02
3.35e+00   1.46e-01   1.38e-02   1.75e-02

=======CuCu200GeV 30-40 %========================
  pt        v2      stat err   sys err
3.49e-01   3.36e-02   1.82e-03   4.45e-03
4.48e-01   4.04e-02   1.96e-03   5.36e-03
5.93e-01   5.64e-02   1.62e-03   7.49e-03
7.92e-01   7.70e-02   2.06e-03   1.02e-02
1.03e+00   9.51e-02   2.28e-03   1.26e-02
1.37e+00   1.16e-01   3.03e-03   1.55e-02
1.77e+00   1.36e-01   4.94e-03   1.80e-02
2.32e+00   1.51e-01   6.50e-03   2.00e-02
3.35e+00   1.48e-01   1.88e-02   1.97e-02

=======CuCu200GeV 40-50 %========================
  pt        v2      stat err   sys err
3.49e-01   3.27e-02   2.85e-03   5.50e-03
4.48e-01   4.68e-02   3.07e-03   7.88e-03
5.93e-01   5.42e-02   2.56e-03   9.13e-03
7.92e-01   7.27e-02   3.27e-03   1.22e-02
1.03e+00   9.98e-02   3.65e-03   1.68e-02
1.37e+00   1.26e-01   4.87e-03   2.13e-02
1.77e+00   1.46e-01   7.97e-03   2.46e-02
2.32e+00   1.58e-01   1.05e-02   2.66e-02
3.35e+00   1.60e-01   3.00e-02   2.70e-02

=======CuCu200GeV Minimum Bias========================
  pt        v2      stat err   sys err
2.50e-01   1.83e-02   8.36e-04   2.02e-03
3.50e-01   2.58e-02   7.57e-04   2.84e-03
4.50e-01   3.64e-02   7.62e-04   4.02e-03
5.50e-01   4.36e-02   8.15e-04   4.82e-03
7.00e-01   5.50e-02   6.73e-04   6.08e-03
9.00e-01   6.98e-02   8.45e-04   7.71e-03
1.10e+00   8.08e-02   1.07e-03   8.93e-03
1.40e+00   9.54e-02   1.08e-03   1.05e-02
1.80e+00   1.13e-01   1.73e-03   1.25e-02
2.25e+00   1.20e-01   2.62e-03   1.33e-02
2.75e+00   1.31e-01   4.63e-03   1.45e-02
3.50e+00   1.32e-01   6.70e-03   1.64e-02
4.50e+00   1.13e-01   1.58e-02   1.76e-02

-----  v2 vs pt  -------------------------------

=======CuCu62GeV 0-10 %========================
  pt        v2      stat err   sys err
7.35e-01   3.60e-02   1.15e-03   5.50e-03
1.23e+00   6.04e-02   2.14e-03   9.08e-03
1.72e+00   7.87e-02   4.20e-03   1.18e-02
2.22e+00   8.37e-02   8.31e-03   1.28e-02
2.72e+00   8.69e-02   1.62e-02   1.33e-02
3.40e+00   1.09e-01   2.61e-02   1.66e-02

=======CuCu62GeV 10-20 %========================
  pt        v2      stat err   sys err
7.35e-01   4.45e-02   1.02e-03   4.51e-03
1.23e+00   6.94e-02   1.92e-03   6.75e-03
1.72e+00   8.86e-02   3.75e-03   8.61e-03
2.22e+00   9.87e-02   7.39e-03   9.99e-03
2.72e+00   9.47e-02   1.42e-02   9.58e-03
3.40e+00   8.76e-02   2.28e-02   8.86e-03

=======CuCu62GeV 20-30 %========================
  pt        v2      stat err   sys err
7.35e-01   4.83e-02   1.25e-03   3.70e-03
1.23e+00   8.03e-02   2.36e-03   5.71e-03
1.72e+00   1.13e-01   4.63e-03   8.05e-03
2.22e+00   1.17e-01   9.09e-03   8.92e-03
2.72e+00   1.22e-01   1.74e-02   9.35e-03
3.40e+00   1.27e-01   2.76e-02   9.71e-03

=======CuCu62GeV 30-40 %========================
  pt        v2      stat err   sys err
7.35e-01   4.90e-02   1.64e-03   2.65e-03
1.23e+00   8.14e-02   3.15e-03   3.75e-03
1.72e+00   1.06e-01   6.22e-03   4.90e-03
2.22e+00   1.39e-01   1.22e-02   7.51e-03
2.72e+00   8.81e-02   2.32e-02   4.76e-03
3.40e+00   1.69e-01   3.67e-02   9.12e-03

=======CuCu62GeV 40-50 %========================
  pt        v2      stat err   sys err
7.34e-01   4.88e-02   2.50e-03   3.41e-03
1.23e+00   7.55e-02   4.87e-03   4.84e-03
1.72e+00   1.09e-01   9.70e-03   6.99e-03
2.22e+00   9.79e-02   1.90e-02   6.85e-03
2.72e+00   7.25e-02   3.62e-02   5.08e-03
3.60e+00   8.89e-02   5.31e-02   6.23e-03

=======CuCu62GeV Minimum Bias========================
  pt        v2      stat err   sys err
7.35e-01   4.29e-02   6.13e-04   3.41e-03
1.23e+00   6.95e-02   1.15e-03   5.17e-03
1.72e+00   9.26e-02   2.26e-03   6.90e-03
2.22e+00   1.01e-01   4.45e-03   8.08e-03
2.72e+00   9.94e-02   8.56e-03   7.92e-03
3.40e+00   1.13e-01   1.37e-02   9.01e-03

